{
 "cells": [
  {
   "cell_type": "markdown",
   "metadata": {},
   "source": [
    "# Quantum Random Access Coding for 8 bits with 2 qubits.\n",
    "\n",
    "We first import the libraries."
   ]
  },
  {
   "cell_type": "code",
   "execution_count": 2,
   "metadata": {
    "collapsed": true
   },
   "outputs": [],
   "source": [
    "import numpy as np\n",
    "from pprint import pprint\n",
    "import math\n",
    "from numpy import array"
   ]
  },
  {
   "cell_type": "markdown",
   "metadata": {},
   "source": [
    "## Encoding Quantum States\n",
    "\n",
    "We then give the encoding of quantum states for each bitstring $00000000$ to $11111111$ whose decimal representation is $0$ to $2^9-1$. The `encoding[j]` is the mixed state for encoding `j`-th bitstring. "
   ]
  },
  {
   "cell_type": "code",
   "execution_count": 3,
   "metadata": {
    "collapsed": true
   },
   "outputs": [],
   "source": [
    "encoding = [array([[ 0.36287171+2.38726451e-14j,  0.06079613+4.95227704e-02j,\n",
    "         0.14156643-3.12005498e-01j, -0.11840735-2.11539240e-01j],\n",
    "       [ 0.06079613-4.95227704e-02j,  0.04035723+1.40211752e-15j,\n",
    "        -0.05480991-7.82994808e-02j, -0.07814558-3.74775058e-02j],\n",
    "       [ 0.14156643+3.12005498e-01j, -0.05480991+7.82994808e-02j,\n",
    "         0.38224394+5.75497284e-14j,  0.1869911 -1.64574422e-01j],\n",
    "       [-0.11840735+2.11539240e-01j, -0.07814558+3.74775058e-02j,\n",
    "         0.1869911 +1.64574422e-01j,  0.21452712-8.90958937e-15j]]), array([[ 0.31186355+8.08592561e-15j,  0.13955613-8.29227847e-02j,\n",
    "        -0.09731114-1.57289706e-01j, -0.33012411-1.34309901e-01j],\n",
    "       [ 0.13955613+8.29227847e-02j,  0.09616999+6.85882480e-16j,\n",
    "        -0.01580374-1.01227938e-01j, -0.12484857-1.58397277e-01j],\n",
    "       [-0.09731114+1.57289706e-01j, -0.01580374+1.01227938e-01j,\n",
    "         0.14470705-3.24659883e-15j,  0.20090168-1.13457772e-01j],\n",
    "       [-0.33012411+1.34309901e-01j, -0.12484857+1.58397277e-01j,\n",
    "         0.20090168+1.13457772e-01j,  0.44725941+1.21794442e-15j]]), array([[ 0.24114711+1.13412378e-16j, -0.05468784-8.71022383e-02j,\n",
    "         0.22736819-1.84226435e-01j,  0.0388761 -2.15792806e-01j],\n",
    "       [-0.05468784+8.71022383e-02j,  0.05886766+2.72393004e-16j,\n",
    "         0.00615593+1.13046729e-01j,  0.05051769+5.40682518e-02j],\n",
    "       [ 0.22736819+1.84226435e-01j,  0.00615593-1.13046729e-01j,\n",
    "         0.41197981+1.39473163e-15j,  0.25571208-2.04940071e-01j],\n",
    "       [ 0.0388761 +2.15792806e-01j,  0.05051769-5.40682518e-02j,\n",
    "         0.25571208+2.04940071e-01j,  0.28800542-1.67386745e-15j]]), array([[ 0.16497695-2.40173234e-12j, -0.02866073-1.29574843e-01j,\n",
    "        -0.00824017-1.22321834e-01j, -0.17860558-2.83787392e-02j],\n",
    "       [-0.02866073+1.29574843e-01j,  0.12673516+1.02645074e-12j,\n",
    "         0.07686422-2.88344959e-02j, -0.01184907-1.77715056e-01j],\n",
    "       [-0.00824017+1.22321834e-01j,  0.07686422+2.88344960e-02j,\n",
    "         0.20764794+2.84391789e-12j,  0.18977089-2.29500412e-01j],\n",
    "       [-0.17860558+2.83787392e-02j, -0.01184907+1.77715056e-01j,\n",
    "         0.18977089+2.29500412e-01j,  0.50063995-6.27968300e-12j]]), array([[0.30956179+1.25718426e-15j, 0.1555331 +6.41998576e-03j,\n",
    "        0.29535688-2.16912615e-01j, 0.09431397-6.53089602e-02j],\n",
    "       [0.1555331 -6.41998576e-03j, 0.09390217-3.40779348e-16j,\n",
    "        0.1578801 -1.26062082e-01j, 0.0532635 -3.81445991e-02j],\n",
    "       [0.29535688+2.16912615e-01j, 0.1578801 +1.26062082e-01j,\n",
    "        0.52176008-8.14874122e-17j, 0.17666379+1.07417478e-02j],\n",
    "       [0.09431397+6.53089602e-02j, 0.0532635 +3.81445991e-02j,\n",
    "        0.17666379-1.07417478e-02j, 0.07477595-5.93915542e-18j]]), array([[ 0.2967337 +1.07788936e-15j,  0.18241038-1.35687095e-01j,\n",
    "        -0.05993309-2.98974297e-01j, -0.07539566-1.47372438e-01j],\n",
    "       [ 0.18241038+1.35687095e-01j,  0.19610442-1.90942206e-15j,\n",
    "         0.11447621-2.30585310e-01j,  0.03676028-1.24137907e-01j],\n",
    "       [-0.05993309+2.98974297e-01j,  0.11447621+2.30585310e-01j,\n",
    "         0.36936972-7.22531335e-16j,  0.18462201-1.65106414e-02j],\n",
    "       [-0.07539566+1.47372438e-01j,  0.03676028+1.24137907e-01j,\n",
    "         0.18462201+1.65106414e-02j,  0.13779217+2.08248469e-16j]]), array([[0.17116187-9.83929191e-16j, 0.08270903-8.55175554e-02j,\n",
    "        0.19679896-4.94214232e-02j, 0.1356152 -6.61404214e-02j],\n",
    "       [0.08270903+8.55175554e-02j, 0.12960003-3.55596721e-16j,\n",
    "        0.20945553+4.76091011e-02j, 0.1445016 -1.05142991e-02j],\n",
    "       [0.19679896+4.94214232e-02j, 0.20945553-4.76091011e-02j,\n",
    "        0.45720371-1.51387592e-15j, 0.30609177-1.08734846e-01j],\n",
    "       [0.1356152 +6.61404214e-02j, 0.1445016 +1.05142991e-02j,\n",
    "        0.30609177+1.08734846e-01j, 0.2420344 -4.27261173e-16j]]), array([[ 0.19207082+4.05102162e-16j, -0.0241277 -2.15221683e-01j,\n",
    "        -0.09371073-1.90564258e-01j, -0.11268319-6.39883570e-02j],\n",
    "       [-0.0241277 +2.15221683e-01j,  0.28496011+7.77401809e-16j,\n",
    "         0.27512139-1.03221960e-01j,  0.11247261-1.55096146e-01j],\n",
    "       [-0.09371073+1.90564258e-01j,  0.27512139+1.03221960e-01j,\n",
    "         0.34667023+1.29506120e-15j,  0.1960271 -1.26073828e-01j],\n",
    "       [-0.11268319+6.39883570e-02j,  0.11247261+1.55096146e-01j,\n",
    "         0.1960271 +1.26073828e-01j,  0.17629884+1.33500524e-15j]]), array([[ 0.16443582+1.09742493e-14j,  0.04639403+9.97260168e-02j,\n",
    "         0.20211009-2.28318480e-01j, -0.13219307-8.89430088e-02j],\n",
    "       [ 0.04639403-9.97260168e-02j,  0.0846931 +3.76469374e-15j,\n",
    "        -0.09549511-1.82179042e-01j, -0.09542614+5.92039212e-02j],\n",
    "       [ 0.20211009+2.28318480e-01j, -0.09549511+1.82179042e-01j,\n",
    "         0.59188455-1.61347615e-14j, -0.03178789-2.97556729e-01j],\n",
    "       [-0.13219307+8.89430088e-02j, -0.09542614-5.92039212e-02j,\n",
    "        -0.03178789+2.97556729e-01j,  0.15898653+3.47322251e-16j]]), array([[ 0.18711902-8.05121745e-16j,  0.22544837-1.99816684e-02j,\n",
    "         0.00690967-1.29191435e-01j, -0.24913973-3.29580583e-02j],\n",
    "       [ 0.22544837+1.99816684e-02j,  0.30267619-5.24445292e-16j,\n",
    "         0.01435058-1.63977015e-01j, -0.31607246-6.92297870e-02j],\n",
    "       [ 0.00690967+1.29191435e-01j,  0.01435058+1.63977015e-01j,\n",
    "         0.13866943+2.32356163e-16j,  0.02227419-1.73841968e-01j],\n",
    "       [-0.24913973+3.29580583e-02j, -0.31607246+6.92297870e-02j,\n",
    "         0.02227419+1.73841968e-01j,  0.37153537-1.20456063e-15j]]), array([[ 6.02800294e-02-6.65324888e-16j, -3.50082979e-04-2.44794018e-02j,\n",
    "         1.52351287e-01-8.38840820e-02j, -5.40466596e-02-1.04678175e-01j],\n",
    "       [-3.50082979e-04+2.44794018e-02j,  4.78919715e-02-9.09111094e-18j,\n",
    "         4.51647320e-03+6.29596519e-02j,  2.32936513e-02+8.45041994e-03j],\n",
    "       [ 1.52351287e-01+8.38840820e-02j,  4.51647320e-03-6.29596519e-02j,\n",
    "         5.87248833e-01+1.72835036e-15j,  2.85729257e-02-4.06332989e-01j],\n",
    "       [-5.40466596e-02+1.04678175e-01j,  2.32936513e-02-8.45041994e-03j,\n",
    "         2.85729257e-02+4.06332989e-01j,  3.04579166e-01+9.20742550e-17j]]), array([[ 0.06196538-1.72514616e-16j,  0.03950403-7.61959017e-02j,\n",
    "         0.03211018-1.09582704e-01j, -0.13037065+2.53316810e-03j],\n",
    "       [ 0.03950403+7.61959017e-02j,  0.16148962-5.63246243e-16j,\n",
    "         0.13819105-7.11371733e-02j, -0.15228935-1.42821928e-01j],\n",
    "       [ 0.03211018+1.09582704e-01j,  0.13819105+7.11371733e-02j,\n",
    "         0.31889283-7.98933262e-16j, -0.05352355-3.60884461e-01j],\n",
    "       [-0.13037065-2.53316810e-03j, -0.15228935+1.42821928e-01j,\n",
    "        -0.05352355+3.60884461e-01j,  0.45765216-1.66017852e-15j]]), array([[ 0.18666463-5.51365422e-15j,  0.17191046+1.10855345e-03j,\n",
    "         0.27866641+3.20420015e-03j, -0.02889804-2.70686082e-03j],\n",
    "       [ 0.17191046-1.10855345e-03j,  0.16979543+1.05115503e-15j,\n",
    "         0.24389588-4.21511631e-02j, -0.0351128 -2.46039508e-03j],\n",
    "       [ 0.27866641-3.20420015e-03j,  0.24389588+4.21511631e-02j,\n",
    "         0.63123806-1.22971679e-14j, -0.03100042-4.00043933e-02j],\n",
    "       [-0.02889804+2.70686082e-03j, -0.0351128 +2.46039508e-03j,\n",
    "        -0.03100042+4.00043933e-02j,  0.01230189+3.08680830e-16j]]), array([[ 0.14164937-9.84225181e-17j,  0.19939765-5.52101696e-02j,\n",
    "         0.03589492-2.12031419e-01j, -0.07679458+3.90643530e-03j],\n",
    "       [ 0.19939765+5.52101696e-02j,  0.35222287-9.98835879e-16j,\n",
    "         0.16105627-3.31571751e-01j, -0.117013  -2.06880516e-02j],\n",
    "       [ 0.03589492+2.12031419e-01j,  0.16105627+3.31571751e-01j,\n",
    "         0.43956849-2.95535009e-16j, -0.03052168-1.09719226e-01j],\n",
    "       [-0.07679458-3.90643530e-03j, -0.117013  +2.06880516e-02j,\n",
    "        -0.03052168+1.09719226e-01j,  0.06655926+7.47954045e-18j]]), array([[0.09440108+6.11029215e-15j, 0.1149536 -8.23843150e-02j,\n",
    "        0.14093807+2.80894017e-02j, 0.04097573-2.09232881e-02j],\n",
    "       [0.1149536 +8.23843150e-02j, 0.26384355+3.82349278e-14j,\n",
    "        0.27426556+1.21520519e-01j, 0.06161695-4.59010938e-02j],\n",
    "       [0.14093807-2.80894017e-02j, 0.27426556-1.21520519e-01j,\n",
    "        0.55702573+4.63479764e-14j, 0.07784527-1.86587196e-01j],\n",
    "       [0.04097573+2.09232881e-02j, 0.06161695+4.59010938e-02j,\n",
    "        0.07784527+1.86587196e-01j, 0.08472964+6.07917606e-15j]]), array([[ 0.08667851+3.49330827e-16j,  0.04756814-1.79878152e-01j,\n",
    "        -0.00813135-1.39746904e-01j, -0.0458218 +2.25119649e-02j],\n",
    "       [ 0.04756814+1.79878152e-01j,  0.47024303+8.19493742e-16j,\n",
    "         0.36173381-1.09845922e-01j, -0.07896552-1.18864870e-01j],\n",
    "       [-0.00813135+1.39746904e-01j,  0.36173381+1.09845922e-01j,\n",
    "         0.36201746+5.92081747e-16j, -0.02550477-1.47431126e-01j],\n",
    "       [-0.0458218 -2.25119649e-02j, -0.07896552+1.18864870e-01j,\n",
    "        -0.02550477+1.47431126e-01j,  0.081061  +1.56566556e-16j]]), array([[ 0.15741971+1.42200650e-15j, -0.04069329+9.69512454e-02j,\n",
    "         0.19046748-1.61373707e-01j,  0.10468995-8.69823570e-02j],\n",
    "       [-0.04069329-9.69512454e-02j,  0.11797281+4.84767361e-16j,\n",
    "        -0.21262291-9.72435983e-02j, -0.12242709-8.21491271e-02j],\n",
    "       [ 0.19046748+1.61373707e-01j, -0.21262291+9.72435983e-02j,\n",
    "         0.51730376+2.05419281e-15j,  0.30256031+4.22516331e-02j],\n",
    "       [ 0.10468995+8.69823570e-02j, -0.12242709+8.21491271e-02j,\n",
    "         0.30256031-4.22516331e-02j,  0.20730373+3.51749502e-16j]]), array([[ 0.0573348 -1.24699390e-17j,  0.04562511-3.86578010e-02j,\n",
    "        -0.06382451-6.94961258e-03j, -0.09855258-3.25823062e-02j],\n",
    "       [ 0.04562511+3.86578010e-02j,  0.17132172+3.96475924e-16j,\n",
    "        -0.1730545 -1.20449996e-01j, -0.15953392-2.15900572e-01j],\n",
    "       [-0.06382451+6.94961258e-03j, -0.1730545 +1.20449996e-01j,\n",
    "         0.30737855-7.18644274e-16j,  0.33676034+1.10619020e-01j],\n",
    "       [-0.09855258+3.25823062e-02j, -0.15953392+2.15900572e-01j,\n",
    "         0.33676034-1.10619020e-01j,  0.46396493-3.04036413e-15j]]), array([[ 0.18330565-7.30823733e-16j, -0.11327091-1.61040280e-02j,\n",
    "         0.21660082+4.68630319e-03j,  0.23533327-4.31275350e-02j],\n",
    "       [-0.11327091+1.61040280e-02j,  0.08998251-1.39785060e-16j,\n",
    "        -0.13961155+1.00602019e-02j, -0.15336996+3.95572746e-02j],\n",
    "       [ 0.21660082-4.68630319e-03j, -0.13961155-1.00602019e-02j,\n",
    "         0.32994809-4.07917916e-16j,  0.33822492-8.06719339e-02j],\n",
    "       [ 0.23533327+4.31275350e-02j, -0.15336996-3.95572746e-02j,\n",
    "         0.33822492+8.06719339e-02j,  0.39676374+3.38650878e-16j]]), array([[ 0.06611985+4.95956672e-16j, -0.07306632-3.43076613e-02j,\n",
    "         0.02171965+6.17858211e-02j,  0.07078367+1.18242843e-01j],\n",
    "       [-0.07306632+3.43076613e-02j,  0.13986483+5.42263440e-16j,\n",
    "        -0.06677783-1.12806851e-01j, -0.19650332-1.79152801e-01j],\n",
    "       [ 0.02171965-6.17858211e-02j, -0.06677783+1.12806851e-01j,\n",
    "         0.1773205 -1.46660275e-16j,  0.30297092-9.77924494e-02j],\n",
    "       [ 0.07078367-1.18242843e-01j, -0.19650332+1.79152801e-01j,\n",
    "         0.30297092+9.77924494e-02j,  0.61669483+1.02349335e-15j]]), array([[ 0.15560545-3.35810501e-16j, -0.01296625+5.48734686e-02j,\n",
    "         0.22877379+1.39957476e-01j,  0.06999604+9.80044236e-02j],\n",
    "       [-0.01296625-5.48734686e-02j,  0.03849759-9.76915229e-17j,\n",
    "         0.0243556 -1.38876314e-01j,  0.0335437 -5.32831952e-02j],\n",
    "       [ 0.22877379-1.39957476e-01j,  0.0243556 +1.38876314e-01j,\n",
    "         0.6670341 -2.40299538e-15j,  0.27390823+1.14132672e-01j],\n",
    "       [ 0.06999604-9.80044236e-02j,  0.0335437 +5.32831952e-02j,\n",
    "         0.27390823-1.14132672e-01j,  0.13886287-1.17896587e-15j]]), array([[ 0.10945233-6.09005535e-18j,  0.01659394-9.00789408e-02j,\n",
    "        -0.1643805 -4.13682701e-03j, -0.09074442-2.86189574e-02j],\n",
    "       [ 0.01659394+9.00789408e-02j,  0.14675257+3.51670949e-16j,\n",
    "        -0.02936252-2.59955185e-01j,  0.02770431-1.48799747e-01j],\n",
    "       [-0.1643805 +4.13682701e-03j, -0.02936252+2.59955185e-01j,\n",
    "         0.54809649-2.65776221e-16j,  0.2918706 +9.82017818e-02j],\n",
    "       [-0.09074442+2.86189574e-02j,  0.02770431+1.48799747e-01j,\n",
    "         0.2918706 -9.82017818e-02j,  0.1956986 -7.53888325e-16j]]), array([[ 0.1870301 +1.96756508e-15j, -0.02789137+2.93821883e-02j,\n",
    "         0.10497461+2.29987322e-01j,  0.16527282+1.54198610e-01j],\n",
    "       [-0.02789137-2.93821883e-02j,  0.02379018-6.05500402e-17j,\n",
    "         0.045945  -4.82425956e-02j,  0.01601268-5.16151109e-02j],\n",
    "       [ 0.10497461-2.29987322e-01j,  0.045945  +4.82425956e-02j,\n",
    "         0.45630877-2.35081715e-15j,  0.35531593-1.34798423e-01j],\n",
    "       [ 0.16527282-1.54198610e-01j,  0.01601268+5.16151109e-02j,\n",
    "         0.35531593+1.34798423e-01j,  0.33287094-9.75807340e-19j]]), array([[ 0.16531778+1.40243445e-16j, -0.12891495-7.66853183e-02j,\n",
    "        -0.16919217+1.09236223e-01j, -0.06081034+1.60196664e-01j],\n",
    "       [-0.12891495+7.66853183e-02j,  0.16967098+3.58083821e-16j,\n",
    "         0.11080542-2.01172713e-01j, -0.01163387-1.92636731e-01j],\n",
    "       [-0.16919217-1.09236223e-01j,  0.11080542+2.01172713e-01j,\n",
    "         0.37375163-1.26078929e-16j,  0.27238029-1.46827936e-01j],\n",
    "       [-0.06081034-1.60196664e-01j, -0.01163387+1.92636731e-01j,\n",
    "         0.27238029+1.46827936e-01j,  0.29125961+2.38503682e-16j]]), array([[ 0.05879903+8.37892152e-16j,  0.02483602+1.05214379e-01j,\n",
    "         0.05316691-7.61725272e-02j, -0.02552026-7.33472249e-02j],\n",
    "       [ 0.02483602-1.05214379e-01j,  0.25776113+2.32356003e-17j,\n",
    "        -0.26365374-1.14383826e-01j, -0.1783845 +2.39939279e-02j],\n",
    "       [ 0.05316691+7.61725272e-02j, -0.26365374+1.14383826e-01j,\n",
    "         0.55562231-5.63254835e-15j,  0.16758903-1.16040672e-01j],\n",
    "       [-0.02552026+7.33472249e-02j, -0.1783845 -2.39939279e-02j,\n",
    "         0.16758903+1.16040672e-01j,  0.12781754-2.13721581e-15j]]), array([[ 0.04536691-3.44140369e-11j,  0.11380146-1.47397224e-02j,\n",
    "        -0.08775692-1.41857859e-02j, -0.10207172-3.25301323e-02j],\n",
    "       [ 0.11380146+1.47397222e-02j,  0.3536277 -1.80066159e-10j,\n",
    "        -0.15278557-1.26128517e-01j, -0.2997791 -9.79500594e-02j],\n",
    "       [-0.08775692+1.41857860e-02j, -0.15278557+1.26128517e-01j,\n",
    "         0.2970307 -1.45999145e-10j,  0.13739447-5.50029333e-03j],\n",
    "       [-0.10207172+3.25301324e-02j, -0.2997791 +9.79500597e-02j,\n",
    "         0.13739447+5.50029308e-03j,  0.30397468+1.09325103e-10j]]), array([[ 0.04993176+3.75806747e-16j, -0.07670965-5.13733835e-03j,\n",
    "         0.08744922+7.92992184e-02j,  0.10257438-3.69901367e-02j],\n",
    "       [-0.07670965+5.13733835e-03j,  0.19385904+2.24493615e-16j,\n",
    "        -0.20135281-3.87221204e-02j, -0.17759761+1.08777003e-01j],\n",
    "       [ 0.08744922-7.92992184e-02j, -0.20135281+3.87221204e-02j,\n",
    "         0.4681029 +6.91197455e-16j,  0.19042118-2.64625480e-01j],\n",
    "       [ 0.10257438+3.69901367e-02j, -0.17759761-1.08777003e-01j,\n",
    "         0.19042118+2.64625480e-01j,  0.2881063 +6.47538202e-16j]]), array([[ 0.03534506+7.70133135e-17j, -0.05280878-6.32958715e-02j,\n",
    "        -0.02518649+4.31395782e-02j,  0.05399892+7.34391187e-02j],\n",
    "       [-0.05280878+6.32958715e-02j,  0.33723486+4.76245326e-16j,\n",
    "        -0.07589187-1.70119391e-01j, -0.36644072-2.37886881e-02j],\n",
    "       [-0.02518649-4.31395782e-02j, -0.07589187+1.70119391e-01j,\n",
    "         0.18846842-3.52426960e-16j,  0.10717097-2.06129078e-01j],\n",
    "       [ 0.05399892-7.34391187e-02j, -0.36644072+2.37886881e-02j,\n",
    "         0.10717097+2.06129078e-01j,  0.43895166+4.54548620e-16j]]), array([[ 9.21407581e-02-8.74748426e-16j,  1.82767892e-02+2.04038961e-02j,\n",
    "         1.27260799e-01+1.91201366e-01j,  3.45973743e-04+6.27830856e-03j],\n",
    "       [ 1.82767892e-02-2.04038961e-02j,  3.78800675e-02+1.28209692e-16j,\n",
    "         4.25623744e-02-6.97837491e-02j, -6.48797793e-03-1.38891299e-03j],\n",
    "       [ 1.27260799e-01-1.91201366e-01j,  4.25623744e-02+6.97837491e-02j,\n",
    "         8.64193068e-01-5.38969997e-16j,  3.00539889e-02-1.23085211e-02j],\n",
    "       [ 3.45973743e-04-6.27830856e-03j, -6.48797793e-03+1.38891299e-03j,\n",
    "         3.00539889e-02+1.23085211e-02j,  5.78610679e-03-2.17314280e-17j]]), array([[ 0.03468338-2.04167558e-17j,  0.03470528-5.10205799e-02j,\n",
    "        -0.11018201-2.71194342e-02j, -0.01907456+8.29902881e-04j],\n",
    "       [ 0.03470528+5.10205799e-02j,  0.21482866+4.10046097e-16j,\n",
    "        -0.0339542 -3.48134227e-01j, -0.05524533-1.96123533e-02j],\n",
    "       [-0.11018201+2.71194342e-02j, -0.0339542 +3.48134227e-01j,\n",
    "         0.71035915-1.72179283e-16j,  0.02951457-5.04922612e-02j],\n",
    "       [-0.01907456-8.29902881e-04j, -0.05524533+1.96123533e-02j,\n",
    "         0.02951457+5.04922612e-02j,  0.04012881+2.64081563e-17j]]), array([[ 9.64122930e-02+1.26484762e-16j, -2.18376247e-03+9.81327626e-03j,\n",
    "        -1.75652141e-02+2.31605047e-01j,  9.88472822e-02+5.01637118e-02j],\n",
    "       [-2.18376247e-03-9.81327626e-03j,  3.81636757e-02+1.23534256e-18j,\n",
    "         4.91653390e-02+1.77955036e-03j,  8.33084393e-05-1.58621373e-02j],\n",
    "       [-1.75652141e-02-2.31605047e-01j,  4.91653390e-02-1.77955036e-03j,\n",
    "         7.03368247e-01+1.83785319e-17j,  1.23794360e-01-2.93297594e-01j],\n",
    "       [ 9.88472822e-02-5.01637118e-02j,  8.33084393e-05+1.58621373e-02j,\n",
    "         1.23794360e-01+2.93297594e-01j,  1.62055785e-01-4.36267302e-16j]]), array([[ 0.09788167+8.90503033e-17j, -0.07927465-8.95325846e-02j,\n",
    "        -0.16666777+7.23302785e-02j,  0.04232168+9.69664141e-02j],\n",
    "       [-0.07927465+8.95325846e-02j,  0.22402804-2.26801378e-16j,\n",
    "         0.116643  -2.61176816e-01j, -0.15799819-6.19656458e-02j],\n",
    "       [-0.16666777-7.23302785e-02j,  0.116643  +2.61176816e-01j,\n",
    "         0.50222121-6.00455467e-17j,  0.01017595-2.60474107e-01j],\n",
    "       [ 0.04232168-9.69664141e-02j, -0.15799819+6.19656458e-02j,\n",
    "         0.01017595+2.60474107e-01j,  0.17586908-5.92563813e-17j]]), array([[ 0.52854598+6.21861115e-13j, -0.009436  -1.19952239e-01j,\n",
    "         0.30922934-1.19624128e-01j, -0.15797426+1.57912936e-02j],\n",
    "       [-0.009436  +1.19952239e-01j,  0.05843623+3.43807241e-13j,\n",
    "        -0.02776483+5.65985922e-02j, -0.03832365-6.41553185e-02j],\n",
    "       [ 0.30922934+1.19624128e-01j, -0.02776483-5.65985922e-02j,\n",
    "         0.29456622+4.17570098e-13j, -0.02203428-9.41289133e-04j],\n",
    "       [-0.15797426-1.57912936e-02j, -0.03832365+6.41553185e-02j,\n",
    "        -0.02203428+9.41289134e-04j,  0.11845157-1.46013234e-13j]]), array([[ 0.50109359+4.16514032e-15j,  0.06933358-2.35868546e-01j,\n",
    "         0.02605571-7.60639826e-04j, -0.38489792+8.11708192e-02j],\n",
    "       [ 0.06933358+2.35868546e-01j,  0.13134417+2.40858882e-15j,\n",
    "        -0.00846355+6.55167462e-03j, -0.10097192-1.80257224e-01j],\n",
    "       [ 0.02605571+7.60639826e-04j, -0.00846355-6.55167462e-03j,\n",
    "         0.02981476-7.90409183e-18j,  0.00268616+1.31964829e-02j],\n",
    "       [-0.38489792-8.11708192e-02j, -0.10097192+1.80257224e-01j,\n",
    "         0.00268616-1.31964829e-02j,  0.33774747-1.64735289e-17j]]), array([[ 0.4916113 -3.65509071e-16j, -0.14687834-2.80370856e-01j,\n",
    "         0.28097075-1.72515863e-01j, -0.01139059-7.09788362e-02j],\n",
    "       [-0.14687834+2.80370856e-01j,  0.21491386+9.63202046e-16j,\n",
    "         0.01165662+2.12273856e-01j,  0.04020298+1.42038746e-02j],\n",
    "       [ 0.28097075+1.72515863e-01j,  0.01165662-2.12273856e-01j,\n",
    "         0.24609461+3.66511570e-16j,  0.03673303-5.61916650e-02j],\n",
    "       [-0.01139059+7.09788362e-02j,  0.04020298-1.42038746e-02j,\n",
    "         0.03673303+5.61916650e-02j,  0.04738023-6.84249867e-17j]]), array([[ 0.44159203+1.01813387e-14j, -0.15027499-3.32742147e-01j,\n",
    "         0.06365084-1.46823422e-01j, -0.22993851+9.74165550e-02j],\n",
    "       [-0.15027499+3.32742147e-01j,  0.30616862-9.54752286e-15j,\n",
    "         0.08639096+9.34996468e-02j, -0.00308177-2.11545488e-01j],\n",
    "       [ 0.06365084+1.46823422e-01j,  0.08639096-9.34996468e-02j,\n",
    "         0.07241005+2.05717724e-16j, -0.04657786-7.30834107e-02j],\n",
    "       [-0.22993851-9.74165550e-02j, -0.00308177+2.11545488e-01j,\n",
    "        -0.04657786+7.30834107e-02j,  0.17982931+3.81069605e-15j]]), array([[ 0.67644014+7.40350600e-16j,  0.2110447 -1.42278789e-01j,\n",
    "         0.2546016 -1.10970437e-01j,  0.01009269+4.33090091e-02j],\n",
    "       [ 0.2110447 +1.42278789e-01j,  0.11081486-2.00742737e-16j,\n",
    "         0.09772642-2.72370269e-03j, -0.00807642+5.81611758e-03j],\n",
    "       [ 0.2546016 +1.10970437e-01j,  0.09772642+2.72370269e-03j,\n",
    "         0.19019073+1.92666224e-15j,  0.02694742+1.97234919e-02j],\n",
    "       [ 0.01009269-4.33090091e-02j, -0.00807642-5.81611758e-03j,\n",
    "         0.02694742-1.97234919e-02j,  0.02255426-4.38360980e-17j]]), array([[ 0.62727523-1.52287688e-15j,  0.19610001-2.62210393e-01j,\n",
    "        -0.12601658-1.68521989e-01j, -0.16605406-2.88120087e-02j],\n",
    "       [ 0.19610001+2.62210393e-01j,  0.18921246-2.41309540e-16j,\n",
    "         0.02680122-1.21857930e-01j, -0.02278608-8.71213077e-02j],\n",
    "       [-0.12601658+1.68521989e-01j,  0.02680122+1.21857930e-01j,\n",
    "         0.09946093+2.79350141e-16j,  0.04563224-1.25804203e-02j],\n",
    "       [-0.16605406+2.88120087e-02j, -0.02278608+8.71213077e-02j,\n",
    "         0.04563224+1.25804203e-02j,  0.08405138-1.82963478e-17j]]), array([[0.53913095-4.13200204e-15j, 0.10674968-2.87298156e-01j,\n",
    "        0.23413412-2.65720280e-02j, 0.23225248+6.51895858e-03j],\n",
    "       [0.10674968+2.87298156e-01j, 0.18805639+9.11289079e-16j,\n",
    "        0.07942029+1.16911354e-01j, 0.05298256+1.17167159e-01j],\n",
    "       [0.23413412+2.65720280e-02j, 0.07942029-1.16911354e-01j,\n",
    "        0.1481491 -4.04064809e-17j, 0.12596755-8.39115189e-04j],\n",
    "       [0.23225248-6.51895858e-03j, 0.05298256-1.17167159e-01j,\n",
    "        0.12596755+8.39115189e-04j, 0.12466355-6.17088250e-17j]]), array([[ 0.53902403+2.93971803e-16j, -0.01977804-4.15931619e-01j,\n",
    "        -0.04371761-1.81414089e-01j, -0.00973173-2.44903748e-02j],\n",
    "       [-0.01977804+4.15931619e-01j,  0.34249637+2.17927986e-15j,\n",
    "         0.15345812-2.91623407e-02j,  0.03134077-1.30146639e-02j],\n",
    "       [-0.04371761+1.81414089e-01j,  0.15345812+2.91623407e-02j,\n",
    "         0.08737681-1.12201628e-16j,  0.02412786-8.99850081e-03j],\n",
    "       [-0.00973173+2.44903748e-02j,  0.03134077+1.30146639e-02j,\n",
    "         0.02412786+8.99850081e-03j,  0.0311028 -9.91164657e-18j]]), array([[ 0.30727278-5.36520739e-13j,  0.10972863-1.70178883e-01j,\n",
    "         0.35469627+6.43864435e-02j, -0.15779666+1.96150066e-02j],\n",
    "       [ 0.10972863+1.70178883e-01j,  0.15634152-1.10902631e-12j,\n",
    "         0.06917519+2.33626683e-01j, -0.06403183-7.54134778e-02j],\n",
    "       [ 0.35469627-6.43864435e-02j,  0.06917519-2.33626683e-01j,\n",
    "         0.45256034+2.88284761e-12j, -0.17799549+4.89879783e-02j],\n",
    "       [-0.15779666-1.96150066e-02j, -0.06403183+7.54134778e-02j,\n",
    "        -0.17799549-4.89879783e-02j,  0.08382536-8.91075486e-14j]]), array([[ 0.30581595-1.90881408e-15j,  0.22647005-2.31840609e-01j,\n",
    "         0.09446633+2.46659474e-02j, -0.25417056+7.21983529e-02j],\n",
    "       [ 0.22647005+2.31840609e-01j,  0.37025231+3.92220401e-15j,\n",
    "         0.02711282+8.74432684e-02j, -0.22973036-1.41329998e-01j],\n",
    "       [ 0.09446633-2.46659474e-02j,  0.02711282-8.74432684e-02j,\n",
    "         0.07140631-8.41331918e-17j, -0.09720811+4.72716738e-02j],\n",
    "       [-0.25417056-7.21983529e-02j, -0.22973036+1.41329998e-01j,\n",
    "        -0.09720811-4.72716738e-02j,  0.25252542-2.89660012e-16j]]), array([[ 0.19883345-2.42912314e-16j,  0.01746912-2.70285325e-01j,\n",
    "         0.23918643-1.72695792e-02j, -0.02858317-2.36740457e-02j],\n",
    "       [ 0.01746912+2.70285325e-01j,  0.40489962+7.68927629e-16j,\n",
    "         0.01905872+3.34369047e-01j,  0.02463747-1.81605375e-02j],\n",
    "       [ 0.23918643+1.72695792e-02j,  0.01905872-3.34369047e-01j,\n",
    "         0.34631591-5.53692503e-16j, -0.02257756-6.90155334e-02j],\n",
    "       [-0.02858317+2.36740457e-02j,  0.02463747+1.81605375e-02j,\n",
    "        -0.02257756+6.90155334e-02j,  0.04995101+6.73968520e-18j]]), array([[ 0.19407015+6.66636067e-17j,  0.01630933-3.15908918e-01j,\n",
    "         0.10935403-9.20585519e-02j, -0.12429502+7.57324522e-02j],\n",
    "       [ 0.01630933+3.15908918e-01j,  0.53475742-3.99609637e-15j,\n",
    "         0.15064534+1.75549074e-01j, -0.12683343-1.86926297e-01j],\n",
    "       [ 0.10935403+9.20585519e-02j,  0.15064534-1.75549074e-01j,\n",
    "         0.1264541 -1.26404157e-16j, -0.11606705-3.71100372e-02j],\n",
    "       [-0.12429502-7.57324522e-02j, -0.12683343+1.86926297e-01j,\n",
    "        -0.11606705+3.71100372e-02j,  0.14471832-8.60369716e-16j]]), array([[ 0.42611663+4.55300054e-15j,  0.33727805-1.38519576e-01j,\n",
    "         0.1166089 +1.27955418e-01j, -0.05540422+7.97195291e-02j],\n",
    "       [ 0.33727805+1.38519576e-01j,  0.32287114-2.02936117e-14j,\n",
    "         0.03756249+1.03129854e-01j, -0.07731022+4.34486175e-02j],\n",
    "       [ 0.1166089 -1.27955418e-01j,  0.03756249-1.03129854e-01j,\n",
    "         0.2224628 -4.94415069e-15j,  0.02495068+1.34919100e-02j],\n",
    "       [-0.05540422-7.97195291e-02j, -0.07731022-4.34486175e-02j,\n",
    "         0.02495068-1.34919100e-02j,  0.02854944-4.98769829e-16j]]), array([[ 0.36127691+8.15594387e-16j,  0.33634953-2.09666535e-01j,\n",
    "        -0.09914899-1.19314377e-01j, -0.08441182+7.08551999e-02j],\n",
    "       [ 0.33634953+2.09666535e-01j,  0.4689862 -2.25408777e-15j,\n",
    "        -0.03309077-1.85171419e-01j, -0.11802181+1.83450866e-02j],\n",
    "       [-0.09914899+1.19314377e-01j, -0.03309077+1.85171419e-01j,\n",
    "         0.11465816+1.27919763e-16j, -0.01163266-4.44388611e-02j],\n",
    "       [-0.08441182-7.08551999e-02j, -0.11802181-1.83450866e-02j,\n",
    "        -0.01163266+4.44388611e-02j,  0.05507874-1.12871874e-16j]]), array([[0.27902757+3.59367504e-12j, 0.20698782-2.42033465e-01j,\n",
    "        0.11172798+1.14122118e-01j, 0.11794819+5.99109183e-02j],\n",
    "       [0.20698782+2.42033465e-01j, 0.39010561+6.64956934e-12j,\n",
    "        0.04429594+1.63077659e-01j, 0.03372148+1.20162484e-01j],\n",
    "       [0.11172798-1.14122118e-01j, 0.04429594-1.63077659e-01j,\n",
    "        0.24143529-7.70574508e-13j, 0.08611961-8.58896822e-02j],\n",
    "       [0.11794819-5.99109183e-02j, 0.03372148-1.20162484e-01j,\n",
    "        0.08611961+8.58896822e-02j, 0.08943153+5.84268786e-13j]]), array([[ 0.27860083-1.42530753e-15j,  0.12592373-3.79236458e-01j,\n",
    "        -0.02652444-6.11004425e-02j,  0.05404753+7.89112487e-02j],\n",
    "       [ 0.12592373+3.79236458e-01j,  0.60605231+2.76772454e-15j,\n",
    "         0.08991355-6.45319351e-02j, -0.08290109+1.02254445e-01j],\n",
    "       [-0.02652444+6.11004425e-02j,  0.08991355+6.45319351e-02j,\n",
    "         0.05945484+1.73805300e-16j, -0.02162184-1.83759806e-02j],\n",
    "       [ 0.05404753-7.89112487e-02j, -0.08290109-1.02254445e-01j,\n",
    "        -0.02162184+1.83759806e-02j,  0.05589202+3.66326637e-17j]]), array([[ 0.31669818+4.11690904e-15j, -0.13883226-7.04265098e-02j,\n",
    "         0.33656967+7.96833892e-02j,  0.0152791 +1.53716144e-01j],\n",
    "       [-0.13883226+7.04265098e-02j,  0.10819836-5.05620310e-17j,\n",
    "        -0.20480922+2.58952829e-02j, -0.06164033-8.84349585e-02j],\n",
    "       [ 0.33656967-7.96833892e-02j, -0.20480922-2.58952829e-02j,\n",
    "         0.45350669+1.64806337e-15j,  0.09987265+1.85013231e-01j],\n",
    "       [ 0.0152791 -1.53716144e-01j, -0.06164033+8.84349585e-02j,\n",
    "         0.09987265-1.85013231e-01j,  0.12159677-1.43110286e-15j]]), array([[ 0.26176643-4.68963847e-16j, -0.04815622-1.92980151e-01j,\n",
    "         0.04799645+1.81793273e-01j, -0.20120425+1.87694830e-01j],\n",
    "       [-0.04815622+1.92980151e-01j,  0.18249269+4.92907755e-16j,\n",
    "        -0.17686387-1.35509405e-02j, -0.11601979-2.13527788e-01j],\n",
    "       [ 0.04799645-1.81793273e-01j, -0.17686387+1.35509405e-02j,\n",
    "         0.20649265-4.80132007e-17j,  0.13454446+2.09631560e-01j],\n",
    "       [-0.20120425-1.87694830e-01j, -0.11601979+2.13527788e-01j,\n",
    "         0.13454446-2.09631560e-01j,  0.34924823+4.21620416e-16j]]), array([[ 0.43008385-1.11738724e-15j, -0.22890286-1.84357712e-01j,\n",
    "         0.26877663+2.61202052e-02j,  0.18012795+9.50352314e-02j],\n",
    "       [-0.22890286+1.84357712e-01j,  0.22318275+1.05326471e-17j,\n",
    "        -0.16175049+1.04107609e-01j, -0.14294438+2.45562738e-02j],\n",
    "       [ 0.26877663-2.61202052e-02j, -0.16175049-1.04107609e-01j,\n",
    "         0.20879161-8.56143968e-16j,  0.13991245+3.90185257e-02j],\n",
    "       [ 0.18012795-9.50352314e-02j, -0.14294438-2.45562738e-02j,\n",
    "         0.13991245-3.90185257e-02j,  0.13794178-7.96202298e-18j]]), array([[ 0.32212438-6.07209197e-16j, -0.21980594-2.13378158e-01j,\n",
    "         0.05899606+6.99845270e-02j, -0.00198173+2.66733822e-01j],\n",
    "       [-0.21980594+2.13378158e-01j,  0.31338228+4.55365260e-16j,\n",
    "        -0.09119166-2.05962000e-02j, -0.19061316-2.07499615e-01j],\n",
    "       [ 0.05899606-6.99845270e-02j, -0.09119166+2.05962000e-02j,\n",
    "         0.05627351+8.64394799e-17j,  0.09441853+3.74037329e-02j],\n",
    "       [-0.00198173-2.66733822e-01j, -0.19061316+2.07499615e-01j,\n",
    "         0.09441853-3.74037329e-02j,  0.30821983+2.71184833e-15j]]), array([[ 0.52296852+9.94195369e-13j,  0.02826664-8.99231404e-02j,\n",
    "         0.10760237+3.21554587e-01j, -0.06872028+2.02758172e-01j],\n",
    "       [ 0.02826664+8.99231404e-02j,  0.03050204-1.84896309e-13j,\n",
    "        -0.06108956-2.29842579e-03j, -0.03549097-1.74640998e-02j],\n",
    "       [ 0.10760237-3.21554587e-01j, -0.06108956+2.29842579e-03j,\n",
    "         0.33776298-1.84533543e-12j,  0.15481428+1.06978425e-01j],\n",
    "       [-0.06872028-2.02758172e-01j, -0.03549097+1.74640998e-02j,\n",
    "         0.15481428-1.06978425e-01j,  0.10876646+2.07131551e-13j]]), array([[ 0.53009091+4.77945926e-15j,  0.04503651-2.28861494e-01j,\n",
    "        -0.2406518 +1.61804794e-01j, -0.20968371+7.84612681e-02j],\n",
    "       [ 0.04503651+2.28861494e-01j,  0.11801747-2.15714739e-15j,\n",
    "        -0.1099495 -1.08586314e-01j, -0.0446919 -1.01720838e-01j],\n",
    "       [-0.2406518 -1.61804794e-01j, -0.1099495 +1.08586314e-01j,\n",
    "         0.22275117+5.82401456e-15j,  0.13451701+6.87748281e-02j],\n",
    "       [-0.20968371-7.84612681e-02j, -0.0446919 +1.01720838e-01j,\n",
    "         0.13451701-6.87748281e-02j,  0.12914045+2.28332380e-15j]]), array([[ 0.53781635-3.90687356e-16j, -0.03091311-1.34783311e-01j,\n",
    "         0.11776489+2.56242422e-01j,  0.22267331+2.26672068e-01j],\n",
    "       [-0.03091311+1.34783311e-01j,  0.05021731-2.59073807e-16j,\n",
    "        -0.06217973+1.54555885e-02j, -0.06483688+4.08572328e-02j],\n",
    "       [ 0.11776489-2.56242422e-01j, -0.06217973-1.54555885e-02j,\n",
    "         0.19910129-1.22372964e-15j,  0.18090819-6.68852299e-02j],\n",
    "       [ 0.22267331-2.26672068e-01j, -0.06483688-4.08572328e-02j,\n",
    "         0.18090819+6.68852299e-02j,  0.21286506-1.23136130e-15j]]), array([[ 0.53659473+9.57698161e-16j, -0.1636524 -2.71361338e-01j,\n",
    "        -0.16999611+1.11425458e-01j, -0.01651011+2.09304755e-01j],\n",
    "       [-0.1636524 +2.71361338e-01j,  0.21505336+2.57145505e-16j,\n",
    "         0.00463648-1.35975716e-01j, -0.09475945-8.79637150e-02j],\n",
    "       [-0.16999611-1.11425458e-01j,  0.00463648+1.35975716e-01j,\n",
    "         0.12457763+1.15261580e-16j,  0.07673091-6.69051038e-02j],\n",
    "       [-0.01651011-2.09304755e-01j, -0.09475945+8.79637150e-02j,\n",
    "         0.07673091+6.69051038e-02j,  0.12377428+2.99826832e-17j]]), array([[ 0.12207182+5.18698951e-16j,  0.00522211-1.18908534e-01j,\n",
    "         0.13060047+1.57772233e-01j, -0.04053599+3.15748381e-02j],\n",
    "       [ 0.00522211+1.18908534e-01j,  0.24050694-1.59873567e-15j,\n",
    "        -0.30566907+1.53621199e-01j, -0.06398445-4.75519240e-02j],\n",
    "       [ 0.13060047-1.57772233e-01j, -0.30566907-1.53621199e-01j,\n",
    "         0.59311878+9.01313383e-16j,  0.03550019+1.03115095e-01j],\n",
    "       [-0.04053599-3.15748381e-02j, -0.06398445+4.75519240e-02j,\n",
    "         0.03550019-1.03115095e-01j,  0.04430246+3.80229659e-17j]]), array([[ 0.15275914+4.69253264e-16j,  0.13953466-2.08225702e-01j,\n",
    "        -0.06274176+1.13610004e-01j, -0.14555852+6.52423211e-02j],\n",
    "       [ 0.13953466+2.08225702e-01j,  0.44253616+5.45664648e-16j,\n",
    "        -0.24104267+3.02811339e-02j, -0.22701387-1.57876396e-01j],\n",
    "       [-0.06274176-1.13610004e-01j, -0.24104267-3.02811339e-02j,\n",
    "         0.19528556+4.14869360e-16j,  0.07742881+1.13640246e-01j],\n",
    "       [-0.14555852-6.52423211e-02j, -0.22701387+1.57876396e-01j,\n",
    "         0.07742881-1.13640246e-01j,  0.20941913-5.33227981e-16j]]), array([[ 0.15340447-1.43135520e-16j, -0.08258794-2.04342654e-01j,\n",
    "         0.12156642+1.36531669e-01j,  0.10151738+4.94994717e-02j],\n",
    "       [-0.08258794+2.04342654e-01j,  0.40629991-1.24664818e-16j,\n",
    "        -0.29576052+1.42332202e-01j, -0.1251425 +1.18681361e-01j],\n",
    "       [ 0.12156642-1.36531669e-01j, -0.29576052-1.42332202e-01j,\n",
    "         0.32647872-8.14781539e-16j,  0.1311179 -7.23149689e-02j],\n",
    "       [ 0.10151738-4.94994717e-02j, -0.1251425 -1.18681361e-01j,\n",
    "         0.1311179 +7.23149689e-02j,  0.1138169 -1.84800342e-16j]]), array([[ 0.15708371+1.49979172e-16j, -0.07921826-2.69566556e-01j,\n",
    "         0.00869975+6.43551482e-02j,  0.0260906 +1.50541166e-01j],\n",
    "       [-0.07921826+2.69566556e-01j,  0.56919396+1.78202411e-16j,\n",
    "        -0.13588517+5.48861758e-03j, -0.28417587-5.08097265e-02j],\n",
    "       [ 0.00869975-6.43551482e-02j, -0.13588517-5.48861758e-03j,\n",
    "         0.08065979+1.56548994e-18j,  0.04011883-3.31924009e-03j],\n",
    "       [ 0.0260906 -1.50541166e-01j, -0.28417587+5.08097265e-02j,\n",
    "         0.04011883+3.31924009e-03j,  0.19306254-3.36467259e-16j]]), array([[ 0.36986278+6.62622146e-15j,  0.20525775-1.21661872e-01j,\n",
    "        -0.08417295+3.15960921e-01j, -0.04698058+6.90153098e-02j],\n",
    "       [ 0.20525775+1.21661872e-01j,  0.17287026+2.20151486e-15j,\n",
    "        -0.16820956+1.05234637e-01j, -0.05328939+1.94391814e-02j],\n",
    "       [-0.08417295-3.15960921e-01j, -0.16820956-1.05234637e-01j,\n",
    "         0.4341809 -2.43304574e-15j,  0.08446724+1.68388773e-02j],\n",
    "       [-0.04698058-6.90153098e-02j, -0.05328939-1.94391814e-02j,\n",
    "         0.08446724-1.68388773e-02j,  0.02308606-7.01428109e-17j]]), array([[ 0.25430887+3.71422664e-16j,  0.18005758-1.98713364e-01j,\n",
    "        -0.27576106+4.56474272e-02j, -0.04123995+3.98175082e-02j],\n",
    "       [ 0.18005758+1.98713364e-01j,  0.31592943+5.42457115e-16j,\n",
    "        -0.25295915-1.97944546e-01j, -0.06212418-9.23718416e-03j],\n",
    "       [-0.27576106-4.56474272e-02j, -0.25295915+1.97944546e-01j,\n",
    "         0.3938718 -2.31556964e-16j,  0.04304733-2.19161399e-02j],\n",
    "       [-0.04123995-3.98175082e-02j, -0.06212418+9.23718416e-03j,\n",
    "         0.04304733+2.19161399e-02j,  0.0358899 +2.20452323e-17j]]), array([[ 0.30713723-3.66456367e-16j,  0.08941244-1.56274748e-01j,\n",
    "        -0.06366279+3.17136543e-01j,  0.16066434+1.27198233e-01j],\n",
    "       [ 0.08941244+1.56274748e-01j,  0.1358737 +2.17926323e-16j,\n",
    "        -0.17879965+7.02228800e-02j, -0.01716987+1.20515494e-01j],\n",
    "       [-0.06366279-3.17136543e-01j, -0.17879965-7.02228800e-02j,\n",
    "         0.40156891+9.69048979e-16j,  0.10359755-2.09474682e-01j],\n",
    "       [ 0.16066434-1.27198233e-01j, -0.01716987-1.20515494e-01j,\n",
    "         0.10359755+2.09474682e-01j,  0.15542016-4.52671601e-16j]]), array([[ 0.30366158+2.03558675e-16j, -0.00247143-2.80340923e-01j,\n",
    "        -0.19783924+1.37257453e-01j,  0.11394971+1.46203336e-01j],\n",
    "       [-0.00247143+2.80340923e-01j,  0.30707364-2.54634165e-16j,\n",
    "        -0.12499677-1.87392897e-01j, -0.14349986+1.00099118e-01j],\n",
    "       [-0.19783924-1.37257453e-01j, -0.12499677+1.87392897e-01j,\n",
    "         0.2459043 +3.08530381e-16j, -0.01462136-1.61138147e-01j],\n",
    "       [ 0.11394971-1.46203336e-01j, -0.14349986-1.00099118e-01j,\n",
    "        -0.01462136+1.61138147e-01j,  0.14336048-2.46830812e-16j]]), array([[ 0.57838201-5.17265612e-16j,  0.03073021+1.25426157e-01j,\n",
    "         0.16471765-1.00445486e-01j, -0.13053649-3.43006875e-01j],\n",
    "       [ 0.03073021-1.25426157e-01j,  0.05480341+1.89879806e-18j,\n",
    "        -0.01477275-4.96636203e-02j, -0.07437618-1.03162296e-03j],\n",
    "       [ 0.16471765+1.00445486e-01j, -0.01477275+4.96636203e-02j,\n",
    "         0.09099431+1.20000681e-16j,  0.03518212-1.11015336e-01j],\n",
    "       [-0.13053649+3.43006875e-01j, -0.07437618+1.03162296e-03j,\n",
    "         0.03518212+1.11015336e-01j,  0.27582026-1.52356356e-16j]]), array([[ 0.34594596-3.63989662e-16j,  0.11822245-4.78683048e-02j,\n",
