{
 "cells": [
  {
   "cell_type": "markdown",
   "metadata": {},
   "source": [
    "# Quantum Random Access Coding for 9 bits with 2 qubits.\n",
    "\n",
    "We first import the libraries."
   ]
  },
  {
   "cell_type": "code",
   "execution_count": 1,
   "metadata": {
    "collapsed": true
   },
   "outputs": [],
   "source": [
    "import numpy as np\n",
    "from pprint import pprint\n",
    "import math\n",
    "from numpy import array"
   ]
  },
  {
   "cell_type": "markdown",
   "metadata": {},
   "source": [
    "## Encoding Quantum States\n",
    "\n",
    "We then give the encoding of quantum states for each bitstring $000000000$ to $111111111$ whose decimal representation is $0$ to $2^{10}-1$. The `encoding[j]` is the mixed state for encoding `j`-th bitstring. "
   ]
  },
  {
   "cell_type": "code",
   "execution_count": 2,
   "metadata": {
    "collapsed": true
   },
   "outputs": [],
   "source": [
    "encoding = [array([[ 0.06312388-4.78386891e-16j,  0.07820762-8.05578444e-03j,\n",
    "        -0.11184163+7.22424821e-02j, -0.03879841+9.01368840e-02j],\n",
    "       [ 0.07820762+8.05578444e-03j,  0.25086823+4.08671090e-16j,\n",
    "        -0.10207093+1.04440969e-01j,  0.07947027+8.04484848e-02j],\n",
    "       [-0.11184163-7.22424821e-02j, -0.10207093-1.04440969e-01j,\n",
    "         0.34771737+1.56275764e-15j,  0.24911651-1.67151387e-01j],\n",
    "       [-0.03879841-9.01368840e-02j,  0.07947027-8.04484848e-02j,\n",
    "         0.24911651+1.67151387e-01j,  0.33829053+1.13975265e-15j]]), array([[ 0.12658363-2.64369327e-16j,  0.03400007+8.39011537e-04j,\n",
    "        -0.16346841-2.31377058e-02j, -0.20940547-2.20729786e-02j],\n",
    "       [ 0.03400007-8.39011537e-04j,  0.18096502+4.57993103e-16j,\n",
    "        -0.10226638+8.90403211e-02j, -0.04399782+9.28155053e-03j],\n",
    "       [-0.16346841+2.31377058e-02j, -0.10226638-8.90403211e-02j,\n",
    "         0.30982679+1.57339468e-15j,  0.29527624-2.38293437e-02j],\n",
    "       [-0.20940547+2.20729786e-02j, -0.04399782-9.28155053e-03j,\n",
    "         0.29527624+2.38293437e-02j,  0.38262456-7.12923432e-17j]]), array([[ 0.08914106-2.12014341e-16j, -0.00081763+1.11212483e-01j,\n",
    "        -0.10776061+3.28864198e-02j, -0.06580082+1.10929025e-01j],\n",
    "       [-0.00081763-1.11212483e-01j,  0.33271786+1.47630361e-15j,\n",
    "        -0.08401735+2.33426710e-01j,  0.23744655+1.16322238e-01j],\n",
    "       [-0.10776061-3.28864198e-02j, -0.08401735-2.33426710e-01j,\n",
    "         0.31447726-5.97688010e-16j,  0.08498017-1.86098825e-01j],\n",
    "       [-0.06580082-1.10929025e-01j,  0.23744655-1.16322238e-01j,\n",
    "         0.08498017+1.86098825e-01j,  0.26366382+1.27228140e-15j]]), array([[ 0.19500035+3.75136299e-15j, -0.05190286+1.02575755e-01j,\n",
    "        -0.14608628-3.72172720e-02j, -0.22072815+2.28388694e-02j],\n",
    "       [-0.05190286-1.02575755e-01j,  0.27015645+2.32298789e-15j,\n",
    "        -0.08056445+2.25549042e-01j,  0.09476151+5.34920273e-02j],\n",
    "       [-0.14608628+3.72172720e-02j, -0.08056445-2.25549042e-01j,\n",
    "         0.26220498+4.17506353e-16j,  0.1106409 -4.76035657e-02j],\n",
    "       [-0.22072815-2.28388694e-02j,  0.09476151-5.34920273e-02j,\n",
    "         0.1106409 +4.76035657e-02j,  0.27263821+7.93729556e-15j]]), array([[ 0.13724416+4.02073530e-16j,  0.10204302+7.50621955e-02j,\n",
    "        -0.10924336-2.89808286e-02j, -0.04789599+1.30825858e-01j],\n",
    "       [ 0.10204302-7.50621955e-02j,  0.14442107+2.41435404e-16j,\n",
    "        -0.08626804-1.63793446e-02j,  0.00290801+6.72789105e-02j],\n",
    "       [-0.10924336+2.89808286e-02j, -0.08626804+1.63793446e-02j,\n",
    "         0.29167103-1.17551554e-15j,  0.17404936-2.78385660e-01j],\n",
    "       [-0.04789599-1.30825858e-01j,  0.00290801-6.72789105e-02j,\n",
    "         0.17404936+2.78385660e-01j,  0.42666374+6.76077698e-15j]]), array([[ 0.24778733+4.25270943e-16j,  0.09285377+4.67178860e-02j,\n",
    "        -0.15762683-1.50381958e-01j, -0.28292061+2.43377258e-02j],\n",
    "       [ 0.09285377-4.67178860e-02j,  0.08396865-7.91027825e-17j,\n",
    "        -0.09833178-3.06284966e-02j, -0.11552699+4.31637289e-02j],\n",
    "       [-0.15762683+1.50381958e-01j, -0.09833178+3.06284966e-02j,\n",
    "         0.24200445+3.02824054e-16j,  0.2021066 -2.09426321e-01j],\n",
    "       [-0.28292061-2.43377258e-02j, -0.11552699-4.31637289e-02j,\n",
    "         0.2021066 +2.09426321e-01j,  0.42623958+3.19571195e-16j]]), array([[ 0.20015037-6.37877552e-16j,  0.00679134+2.09548414e-01j,\n",
    "        -0.09740636-7.24014507e-02j, -0.0729133 +1.84219433e-01j],\n",
    "       [ 0.00679134-2.09548414e-01j,  0.24037064+4.26338908e-16j,\n",
    "        -0.07800344+9.23431652e-02j,  0.189478  +7.54545619e-02j],\n",
    "       [-0.09740636+7.24014507e-02j, -0.07800344-9.23431652e-02j,\n",
    "         0.20701938-1.15708781e-16j,  0.01204292-2.41966566e-01j],\n",
    "       [-0.0729133 -1.84219433e-01j,  0.189478  -7.54545619e-02j,\n",
    "         0.01204292+2.41966566e-01j,  0.35245961+1.48062871e-15j]]), array([[ 0.32243475-1.48244389e-15j, -0.03814841+1.73088097e-01j,\n",
    "        -0.12842177-1.88878554e-01j, -0.26762428+8.08863658e-02j],\n",
    "       [-0.03814841-1.73088097e-01j,  0.16092158+1.78070627e-16j,\n",
    "        -0.08562519+1.17779781e-01j,  0.08191403+7.75424593e-02j],\n",
    "       [-0.12842177+1.88878554e-01j, -0.08562519-1.17779781e-01j,\n",
    "         0.18800654-1.41507454e-16j,  0.0351035 -2.00930781e-01j],\n",
    "       [-0.26762428-8.08863658e-02j,  0.08191403-7.75424593e-02j,\n",
    "         0.0351035 +2.00930781e-01j,  0.32863713-6.71551439e-16j]]), array([[ 0.00774538-7.97327529e-17j, -0.01902234-2.61913278e-02j,\n",
    "        -0.02008538+1.50835375e-02j, -0.01372444+9.13635039e-03j],\n",
    "       [-0.01902234+2.61913278e-02j,  0.36384391+2.50382755e-17j,\n",
    "        -0.16425729-3.71797811e-02j, -0.00644282+1.90568851e-03j],\n",
    "       [-0.02008538-1.50835375e-02j, -0.16425729+3.71797811e-02j,\n",
    "         0.46815346-3.60849281e-16j,  0.21879429-1.19985157e-01j],\n",
    "       [-0.01372444-9.13635039e-03j, -0.00644282-1.90568851e-03j,\n",
    "         0.21879429+1.19985157e-01j,  0.16025726-9.98285426e-16j]]), array([[ 0.08381644-2.15283981e-16j, -0.0562568 -4.06023603e-02j,\n",
    "        -0.0449383 -1.09115573e-01j, -0.07565772-3.18299408e-02j],\n",
    "       [-0.0562568 +4.06023603e-02j,  0.30547182+2.31079141e-15j,\n",
    "        -0.16079928+1.09831565e-01j, -0.08891713-2.87161381e-02j],\n",
    "       [-0.0449383 +1.09115573e-01j, -0.16079928-1.09831565e-01j,\n",
    "         0.42791595-5.12894811e-16j,  0.23594599-3.28875698e-02j],\n",
    "       [-0.07565772+3.18299408e-02j, -0.08891713+2.87161381e-02j,\n",
    "         0.23594599+3.28875698e-02j,  0.18279579-2.35596380e-15j]]), array([[ 0.03964979+9.73095767e-16j, -0.09150189+6.90141992e-02j,\n",
    "        -0.00133542-7.94439226e-03j, -0.03073501+2.69243768e-02j],\n",
    "       [-0.09150189-6.90141992e-02j,  0.39728128-7.93680794e-17j,\n",
    "        -0.14483306+1.04848732e-01j,  0.13378549+4.04542191e-02j],\n",
    "       [-0.00133542+7.94439226e-03j, -0.14483306-1.04848732e-01j,\n",
    "         0.46962855+5.87586878e-15j,  0.04278328-1.50241647e-01j],\n",
    "       [-0.03073501-2.69243768e-02j,  0.13378549-4.04542191e-02j,\n",
    "         0.04278328+1.50241647e-01j,  0.09344038+9.28449599e-17j]]), array([[ 0.10930104+4.92434736e-17j, -0.14837183+5.68279779e-02j,\n",
    "        -0.02046853-1.67784196e-01j, -0.06786729+9.06171743e-04j],\n",
    "       [-0.14837183-5.68279779e-02j,  0.36544136+3.38059071e-16j,\n",
    "        -0.15376932+3.28931438e-01j,  0.07607244+3.27418245e-02j],\n",
    "       [-0.02046853+1.67784196e-01j, -0.15376932-3.28931438e-01j,\n",
    "         0.45213783-1.17318295e-15j,  0.04159939-9.58812627e-02j],\n",
    "       [-0.06786729-9.06171743e-04j,  0.07607244-3.27418245e-02j,\n",
    "         0.04159939+9.58812627e-02j,  0.07311977+2.13451303e-17j]]), array([[ 0.03813123+4.47513963e-17j,  0.02979656+3.36692385e-02j,\n",
    "        -0.02839592-6.64571699e-02j, -0.04191098+9.25939056e-03j],\n",
    "       [ 0.02979656-3.36692385e-02j,  0.19723439+1.03208073e-15j,\n",
    "        -0.16433735-1.90151998e-01j, -0.14737622+1.00112865e-02j],\n",
    "       [-0.02839592+6.64571699e-02j, -0.16433735+1.90151998e-01j,\n",
    "         0.50025157-2.06003337e-16j,  0.16913   -2.88768442e-01j],\n",
    "       [-0.04191098-9.25939056e-03j, -0.14737622-1.00112865e-02j,\n",
    "         0.16913   +2.88768442e-01j,  0.26438282+2.89658904e-16j]]), array([[ 0.17305587+3.46114573e-16j, -0.01325298+3.22776378e-02j,\n",
    "        -0.02787662-2.19620016e-01j, -0.11776176-1.50246773e-02j],\n",
    "       [-0.01325298-3.22776378e-02j,  0.20026202+8.34163189e-16j,\n",
    "        -0.15409414-3.59907577e-02j, -0.15158227-4.48087325e-02j],\n",
    "       [-0.02787662+2.19620016e-01j, -0.15409414+3.59907577e-02j,\n",
    "         0.38196198-8.07489303e-16j,  0.15619243-1.58270675e-01j],\n",
    "       [-0.11776176+1.50246773e-02j, -0.15158227+4.48087325e-02j,\n",
    "         0.15619243+1.58270675e-01j,  0.24472013+3.36647346e-16j]]), array([[ 0.11753175-2.99604108e-15j, -0.07017122+1.66938084e-01j,\n",
    "         0.01244325-9.97990481e-02j, -0.03932213+5.78509222e-02j],\n",
    "       [-0.07017122-1.66938084e-01j,  0.29844383-5.21057567e-16j,\n",
    "        -0.13948402-3.16657554e-02j,  0.05956312+6.68623364e-03j],\n",
    "       [ 0.01244325+9.97990481e-02j, -0.13948402+3.16657554e-02j,\n",
    "         0.40501478+5.33044210e-15j, -0.01916105-2.32935051e-01j],\n",
    "       [-0.03932213-5.78509222e-02j,  0.05956312-6.68623364e-03j,\n",
    "        -0.01916105+2.32935051e-01j,  0.17900964-4.77646300e-15j]]), array([[ 0.23720013+5.18932402e-16j, -0.12135512+1.55629249e-01j,\n",
    "        -0.01138984-2.68884613e-01j, -0.11393618+2.73391427e-02j],\n",
    "       [-0.12135512-1.55629249e-01j,  0.27086114+6.98485018e-17j,\n",
    "        -0.16463242+1.24733581e-01j,  0.01860457-1.03012469e-03j],\n",
    "       [-0.01138984+2.68884613e-01j, -0.16463242-1.24733581e-01j,\n",
    "         0.33770768+6.24457179e-16j, -0.01586522-1.62012801e-01j],\n",
    "       [-0.11393618-2.73391427e-02j,  0.01860457+1.03012469e-03j,\n",
    "        -0.01586522+1.62012801e-01j,  0.15423106+1.43481371e-16j]]), array([[ 0.23183203-8.61247564e-16j,  0.08894361+2.21088252e-03j,\n",
    "        -0.16235022+2.26125334e-01j, -0.03893022+1.79413742e-01j],\n",
    "       [ 0.08894361-2.21088252e-03j,  0.07214431-1.38717513e-16j,\n",
    "        -0.05173297+5.96956184e-02j,  0.00674221+5.56494512e-02j],\n",
    "       [-0.16235022-2.26125334e-01j, -0.05173297-5.96956184e-02j,\n",
    "         0.47939124+7.48510010e-16j,  0.27710685-7.29184274e-02j],\n",
    "       [-0.03893022-1.79413742e-01j,  0.00674221-5.56494512e-02j,\n",
    "         0.27710685+7.29184274e-02j,  0.21663242+8.27948329e-16j]]), array([[ 0.30893026-5.52160496e-16j,  0.05706038-8.91059116e-03j,\n",
    "        -0.23331228+6.91312583e-02j, -0.21540781+4.34952516e-02j],\n",
    "       [ 0.05706038+8.91059116e-03j,  0.0323401 -3.46009910e-17j,\n",
    "        -0.06887935+3.91414376e-02j, -0.06222952+1.02634720e-02j],\n",
    "       [-0.23331228-6.91312583e-02j, -0.06887935-3.91414376e-02j,\n",
    "         0.41399185+7.71439679e-17j,  0.27967883+7.82509357e-02j],\n",
    "       [-0.21540781-4.34952516e-02j, -0.06222952-1.02634720e-02j,\n",
    "         0.27967883-7.82509357e-02j,  0.2447378 -4.23155535e-16j]]), array([[ 0.25391715+3.72389343e-15j,  0.0132133 +1.31429785e-01j,\n",
    "        -0.14007551+1.95492038e-01j, -0.08289187+1.56259645e-01j],\n",
    "       [ 0.0132133 -1.31429785e-01j,  0.14948191+2.97394713e-16j,\n",
    "        -0.02776403+1.05629662e-01j,  0.12748222+4.85641085e-02j],\n",
    "       [-0.14007551-1.95492038e-01j, -0.02776403-1.05629662e-01j,\n",
    "         0.43621488-5.85397365e-16j,  0.08761607-3.21719747e-02j],\n",
    "       [-0.08289187-1.56259645e-01j,  0.12748222-4.85641085e-02j,\n",
    "         0.08761607+3.21719747e-02j,  0.16038605+9.45820014e-16j]]), array([[ 0.35307734-1.67376420e-14j, -0.03428853+1.14903226e-01j,\n",
    "        -0.19672211+7.03559851e-02j, -0.2185022 +7.11807006e-02j],\n",
    "       [-0.03428853-1.14903226e-01j,  0.10191588+2.31423790e-15j,\n",
    "        -0.0390957 +1.50246100e-01j,  0.03439953+3.44158975e-02j],\n",
    "       [-0.19672211-7.03559851e-02j, -0.0390957 -1.50246100e-01j,\n",
    "         0.37764048-7.49637387e-15j,  0.1037509 +5.98325299e-02j],\n",
    "       [-0.2185022 -7.11807006e-02j,  0.03439953-3.44158975e-02j,\n",
    "         0.1037509 -5.98325299e-02j,  0.1673663 -4.69015320e-15j]]), array([[ 0.3749587 +6.72668174e-15j,  0.11774401+7.40198530e-02j,\n",
    "        -0.11926946+1.78140251e-02j,  0.00716874+2.44131600e-01j],\n",
    "       [ 0.11774401-7.40198530e-02j,  0.07277686+1.54156379e-15j,\n",
    "        -0.05579164-3.80181092e-02j,  0.02231803+4.55425266e-02j],\n",
    "       [-0.11926946-1.78140251e-02j, -0.05579164+3.80181092e-02j,\n",
    "         0.30144142+2.26276027e-18j,  0.14681752-1.44136137e-01j],\n",
    "       [ 0.00716874-2.44131600e-01j,  0.02231803-4.55425266e-02j,\n",
    "         0.14681752+1.44136137e-01j,  0.25082302+2.55645903e-15j]]), array([[ 0.5121875 -3.74527543e-15j,  0.1055806 +2.74549086e-02j,\n",
    "        -0.15896925-1.16065459e-01j, -0.19595951+1.59630455e-01j],\n",
    "       [ 0.1055806 -2.74549086e-02j,  0.03406657-1.31082225e-16j,\n",
    "        -0.0697983 -1.81413085e-02j, -0.05364044+4.06280183e-02j],\n",
    "       [-0.15896925+1.16065459e-01j, -0.0697983 +1.81413085e-02j,\n",
    "         0.24163626+4.85313375e-16j,  0.13871579-8.97803980e-02j],\n",
    "       [-0.19595951-1.59630455e-01j, -0.05364044-4.06280183e-02j,\n",
    "         0.13871579+8.97803980e-02j,  0.21210968+1.41497804e-15j]]), array([[ 0.42752927+1.12917816e-15j,  0.01881628+2.33480101e-01j,\n",
    "        -0.11494952+2.64333066e-02j, -0.02729748+2.86135610e-01j],\n",
    "       [ 0.01881628-2.33480101e-01j,  0.1477951 -4.81784207e-16j,\n",
    "        -0.03228033+4.07731562e-02j,  0.15649439+3.12215921e-02j],\n",
    "       [-0.11494952-2.64333066e-02j, -0.03228033-4.07731562e-02j,\n",
    "         0.22183613+1.23849481e-16j,  0.02042445-8.96344637e-02j],\n",
    "       [-0.02729748-2.86135610e-01j,  0.15649439-3.12215921e-02j,\n",
    "         0.02042445+8.96344637e-02j,  0.20283949+1.28724750e-16j]]), array([[ 0.58446049-2.30596638e-16j, -0.00670822+1.98634707e-01j,\n",
    "        -0.16460528-1.45464051e-01j, -0.19246464+1.94858767e-01j],\n",
    "       [-0.00670822-1.98634707e-01j,  0.08683468-1.59216251e-16j,\n",
    "        -0.06746356+7.74295526e-02j,  0.06519674+5.42050955e-02j],\n",
    "       [-0.16460528+1.45464051e-01j, -0.06746356-7.74295526e-02j,\n",
    "         0.17573591+5.11326821e-16j, -0.00337349-7.64716474e-02j],\n",
    "       [-0.19246464-1.94858767e-01j,  0.06519674-5.42050955e-02j,\n",
    "        -0.00337349+7.64716474e-02j,  0.15296893-1.06097070e-15j]]), array([[ 0.06401341+2.65111173e-18j, -0.00674613-2.95382197e-02j,\n",
    "        -0.05639015+9.24482104e-02j, -0.01601267+4.26964958e-02j],\n",
    "       [-0.00674613+2.95382197e-02j,  0.09637641-5.26864809e-17j,\n",
    "        -0.10687212-1.44161857e-01j, -0.02699456-4.53841685e-02j],\n",
    "       [-0.05639015-9.24482104e-02j, -0.10687212+1.44161857e-01j,\n",
    "         0.72830699+1.96871815e-16j,  0.23568773+4.44086740e-03j],\n",
    "       [-0.01601267-4.26964958e-02j, -0.02699456+4.53841685e-02j,\n",
    "         0.23568773-4.44086740e-03j,  0.11130319+1.42950169e-17j]]), array([[ 0.18686608-4.84655968e-16j, -0.03566914-5.18139947e-02j,\n",
    "        -0.09372679-1.08902206e-01j, -0.06318731+6.44301613e-03j],\n",
    "       [-0.03566914+5.18139947e-02j,  0.07865209+9.63143644e-17j,\n",
    "        -0.09579936+4.87221731e-02j, -0.05744643-3.40381075e-02j],\n",
    "       [-0.09372679+1.08902206e-01j, -0.09579936-4.87221731e-02j,\n",
    "         0.60779068+5.69948657e-16j,  0.21340469+7.53202035e-02j],\n",
    "       [-0.06318731-6.44301613e-03j, -0.05744643+3.40381075e-02j,\n",
    "         0.21340469-7.53202035e-02j,  0.12669115+4.28044128e-17j]]), array([[ 0.10149031-2.46149542e-16j, -0.04892808+5.83314739e-02j,\n",
    "        -0.03000623+1.05133878e-01j, -0.02574038+4.66437226e-02j],\n",
    "       [-0.04892808-5.83314739e-02j,  0.12203569-1.03225419e-16j,\n",
    "        -0.07392409+5.45686686e-02j,  0.06618379+8.19392840e-03j],\n",
    "       [-0.03000623-1.05133878e-01j, -0.07392409-5.45686686e-02j,\n",
    "         0.72435325-6.74259206e-16j,  0.01859959-7.40622981e-02j],\n",
    "       [-0.02574038-4.66437226e-02j,  0.06618379-8.19392840e-03j,\n",
    "         0.01859959+7.40622981e-02j,  0.05212075+8.71739436e-17j]]), array([[ 0.21069871+5.94332687e-16j, -0.11002553+4.17888469e-02j,\n",
    "        -0.06566765-7.68902687e-02j, -0.08332347+3.83214074e-02j],\n",
    "       [-0.11002553-4.17888469e-02j,  0.12021031-2.78592751e-16j,\n",
    "        -0.06255254+1.96785225e-01j,  0.02937606-8.30819723e-03j],\n",
    "       [-0.06566765+7.68902687e-02j, -0.06255254-1.96785225e-01j,\n",
    "         0.61278703-2.06090355e-15j,  0.0372565 +3.17357303e-02j],\n",
    "       [-0.08332347-3.83214074e-02j,  0.02937606+8.30819723e-03j,\n",
    "         0.0372565 -3.17357303e-02j,  0.05630395+7.64750827e-18j]]), array([[ 0.23321965+5.00658688e-17j,  0.03162797+3.25972153e-02j,\n",
    "        -0.02944355-7.27965984e-02j,  0.01919834+1.28793534e-01j],\n",
    "       [ 0.03162797-3.25972153e-02j,  0.08066948-1.91259166e-15j,\n",
    "        -0.09179468-1.74389570e-01j, -0.04316149-1.50600738e-02j],\n",
    "       [-0.02944355+7.27965984e-02j, -0.09179468+1.74389570e-01j,\n",
    "         0.53539381+1.68726197e-15j,  0.10381789-1.34883859e-01j],\n",
    "       [ 0.01919834-1.28793534e-01j, -0.04316149+1.50600738e-02j,\n",
    "         0.10381789+1.34883859e-01j,  0.15071706-7.29363375e-17j]]), array([[ 0.35419662-5.20621043e-16j,  0.00930684-9.14888801e-03j,\n",
    "        -0.04931712-2.62351801e-01j, -0.07685787+8.63339807e-02j],\n",
    "       [ 0.00930684+9.14888801e-03j,  0.04714856+2.64679643e-16j,\n",
    "        -0.09402501-4.48551874e-02j, -0.06166215-2.13926779e-02j],\n",
    "       [-0.04931712+2.62351801e-01j, -0.09402501+4.48551874e-02j,\n",
    "         0.46958761-1.92424752e-15j,  0.09762614-6.85080851e-02j],\n",
    "       [-0.07685787-8.63339807e-02j, -0.06166215+2.13926779e-02j,\n",
    "         0.09762614+6.85080851e-02j,  0.12906721+2.57972104e-16j]]), array([[ 0.25822826-1.97427271e-13j, -0.05262381+1.57912044e-01j,\n",
    "        -0.0112133 -5.72604142e-02j, -0.00477833+1.37828913e-01j],\n",
    "       [-0.05262381-1.57912044e-01j,  0.12475243-3.11457440e-14j,\n",
    "        -0.07549862-6.48883356e-02j,  0.06759947-1.32922841e-02j],\n",
    "       [-0.0112133 +5.72604142e-02j, -0.07549862+6.48883356e-02j,\n",
    "         0.51733932+1.60965215e-13j, -0.04384781-1.20729512e-01j],\n",
    "       [-0.00477833-1.37828913e-01j,  0.06759947+1.32922841e-02j,\n",
    "        -0.04384781+1.20729512e-01j,  0.09967999+1.82234731e-13j]]), array([[ 0.40361147-7.57052822e-16j, -0.10419181+1.25230281e-01j,\n",
    "        -0.03392402-3.08559760e-01j, -0.06923148+1.15641151e-01j],\n",
    "       [-0.10419181-1.25230281e-01j,  0.0843051 -1.66073022e-16j,\n",
    "        -0.10475036+9.64330881e-02j,  0.05272441-1.00461649e-02j],\n",
    "       [-0.03392402+3.08559760e-01j, -0.10475036-9.64330881e-02j,\n",
    "         0.44878425+5.30981523e-16j, -0.06776353-6.04648337e-02j],\n",
    "       [-0.06923148-1.15641151e-01j,  0.05272441+1.00461649e-02j,\n",
    "        -0.06776353+6.04648337e-02j,  0.06329918-1.38201976e-16j]]), array([[0.05063488+6.13262743e-17j, 0.06629871+2.03666464e-02j,\n",
    "        0.03321483+3.94943577e-02j, 0.04302013+4.91822796e-02j],\n",
    "       [0.06629871-2.03666464e-02j, 0.25516393-1.51065643e-16j,\n",
    "        0.07006702+1.68037369e-01j, 0.15713287+2.11262703e-01j],\n",
    "       [0.03321483-3.94943577e-02j, 0.07006702-1.68037369e-01j,\n",
    "        0.27542556+1.16385496e-16j, 0.30207593-8.46840394e-02j],\n",
    "       [0.04302013-4.91822796e-02j, 0.15713287-2.11262703e-01j,\n",
    "        0.30207593+8.46840394e-02j, 0.41877564+4.33101994e-16j]]), array([[ 0.1142216 +1.85751797e-16j, -0.01839071+5.21687965e-02j,\n",
    "        -0.07847409-8.35573689e-02j, -0.11209576-1.25072849e-01j],\n",
    "       [-0.01839071-5.21687965e-02j,  0.13329247-1.36530705e-16j,\n",
    "         0.01131151+1.48151990e-01j, -0.01123331+1.90271563e-01j],\n",
    "       [-0.07847409+8.35573689e-02j,  0.01131151-1.48151990e-01j,\n",
    "         0.27927476+1.14029537e-16j,  0.34216824+2.71857250e-02j],\n",
    "       [-0.11209576+1.25072849e-01j, -0.01123331-1.90271563e-01j,\n",
    "         0.34216824-2.71857250e-02j,  0.47321117+3.35922317e-16j]]), array([[ 0.14010928+2.44838487e-17j, -0.0524538 +1.98176538e-01j,\n",
    "        -0.0259292 +5.52190030e-02j, -0.12854678+8.02911116e-02j],\n",
    "       [-0.0524538 -1.98176538e-01j,  0.41166414+1.82572718e-15j,\n",
    "         0.10976398+9.20792967e-02j,  0.24186034+2.29281639e-01j],\n",
    "       [-0.0259292 -5.52190030e-02j,  0.10976398-9.20792967e-02j,\n",
    "         0.13277565+1.36413951e-16j,  0.14740459-1.56447710e-02j],\n",
    "       [-0.12854678-8.02911116e-02j,  0.24186034-2.29281639e-01j,\n",
    "         0.14740459+1.56447710e-02j,  0.31545093-9.67442438e-16j]]), array([[ 0.23437121-3.67301920e-16j, -0.10974166+2.00758561e-01j,\n",
    "        -0.13538732-3.32607742e-02j, -0.23364141-8.08433022e-02j],\n",
    "       [-0.10974166-2.00758561e-01j,  0.29628877+1.64475712e-16j,\n",
    "         0.04325408+1.79994322e-01j,  0.05145468+2.67514155e-01j],\n",
    "       [-0.13538732+3.32607742e-02j,  0.04325408-1.79994322e-01j,\n",
    "         0.154609  -5.68434751e-17j,  0.17966088+1.62344400e-02j],\n",
    "       [-0.23364141+8.08433022e-02j,  0.05145468-2.67514155e-01j,\n",
    "         0.17966088-1.62344400e-02j,  0.31473102-8.14668415e-19j]]), array([[ 0.20165821-1.47549000e-14j,  0.10698269+1.46704260e-01j,\n",
    "         0.09232286-2.81974722e-02j,  0.03191153+1.87354123e-02j],\n",
    "       [ 0.10698269-1.46704260e-01j,  0.19151958+6.20886159e-15j,\n",
    "        -0.01419098-3.55151215e-02j,  0.02752912+9.23186927e-02j],\n",
    "       [ 0.09232286+2.81974722e-02j, -0.01419098+3.55151215e-02j,\n",
    "         0.19272534-1.16096215e-14j,  0.19679452-1.46065441e-01j],\n",
    "       [ 0.03191153-1.87354123e-02j,  0.02752912-9.23186927e-02j,\n",
    "         0.19679452+1.46065441e-01j,  0.41409687+4.12140952e-14j]]), array([[ 0.29392897+1.00947982e-15j,  0.07567934+1.30682983e-01j,\n",
    "         0.01931152-1.42359219e-01j, -0.1438508 -1.43027068e-01j],\n",
    "       [ 0.07567934-1.30682983e-01j,  0.10812171-3.18999438e-16j,\n",
    "        -0.06839347-3.40749377e-03j, -0.10748596+1.01420182e-01j],\n",
    "       [ 0.01931152+1.42359219e-01j, -0.06839347+3.40749377e-03j,\n",
    "         0.1744333 -1.12134281e-15j,  0.22017758-1.03444737e-01j],\n",
    "       [-0.1438508 +1.43027068e-01j, -0.10748596-1.01420182e-01j,\n",
    "         0.22017758+1.03444737e-01j,  0.42351602-1.62290403e-16j]]), array([[ 0.28620029-1.10775674e-14j,  0.0070046 +2.81646946e-01j,\n",
    "         0.07197936+1.96721206e-03j, -0.07226622+4.16891797e-02j],\n",
    "       [ 0.0070046 -2.81646946e-01j,  0.30654426+4.34142638e-14j,\n",
    "         0.00218869-2.05894773e-02j,  0.11508858+1.19672357e-01j],\n",
    "       [ 0.07197936-1.96721206e-03j,  0.00218869+2.05894773e-02j,\n",
    "         0.10573113-8.33552371e-15j,  0.06073576-1.23315914e-01j],\n",
    "       [-0.07226622-4.16891797e-02j,  0.11508858-1.19672357e-01j,\n",
    "         0.06073576+1.23315914e-01j,  0.30152433-2.39397583e-14j]]), array([[ 0.43229571+4.84365834e-16j, -0.0271383 +2.78786091e-01j,\n",
    "        -0.02312306-1.21624303e-01j, -0.27111678-1.11718201e-01j],\n",
    "       [-0.0271383 -2.78786091e-01j,  0.21586397-4.64410079e-16j,\n",
    "        -0.06902473+3.74305006e-02j, -0.03450672+1.85709106e-01j],\n",
    "       [-0.02312306+1.21624303e-01j, -0.06902473-3.74305006e-02j,\n",
    "         0.0764421 +1.25384400e-16j,  0.06888316-9.64082660e-02j],\n",
    "       [-0.27111678+1.11718201e-01j, -0.03450672-1.85709106e-01j,\n",
    "         0.06888316+9.64082660e-02j,  0.27539822+8.54194848e-16j]]), array([[ 0.04032866+1.28788630e-17j, -0.01844307+7.96149469e-04j,\n",
    "         0.12094627-1.99701708e-02j,  0.06175486-3.92923799e-02j],\n",
    "       [-0.01844307-7.96149469e-04j,  0.37275052-6.14053459e-16j,\n",
    "        -0.02183682+1.50168430e-02j,  0.02388409+1.34262595e-01j],\n",
    "       [ 0.12094627+1.99701708e-02j, -0.02183682-1.50168430e-02j,\n",
    "         0.39876616+1.05582126e-15j,  0.22409165-8.12428550e-02j],\n",
    "       [ 0.06175486+3.92923799e-02j,  0.02388409-1.34262595e-01j,\n",
    "         0.22409165+8.12428550e-02j,  0.18815466+4.41822166e-16j]]), array([[ 0.10770017+1.17011903e-16j, -0.1016988 -7.15638551e-03j,\n",
    "         0.06775089-1.76924470e-01j,  0.03541216-1.30241955e-01j],\n",
    "       [-0.1016988 +7.15638551e-03j,  0.24169996-3.71999783e-16j,\n",
    "        -0.06879151+2.14164470e-01j, -0.06012527+1.62736749e-01j],\n",
    "       [ 0.06775089+1.76924470e-01j, -0.06879151-2.14164470e-01j,\n",
    "         0.41813114+1.29393579e-16j,  0.29005251-2.08749785e-02j],\n",
    "       [ 0.03541216+1.30241955e-01j, -0.06012527-1.62736749e-01j,\n",
    "         0.29005251+2.08749785e-02j,  0.23246873+9.93998560e-17j]]), array([[ 0.10647799-8.31385469e-11j, -0.12927929+1.47657454e-01j,\n",
    "         0.08432028+1.19947845e-02j, -0.04858869-1.70908864e-02j],\n",
    "       [-0.12927929-1.47657454e-01j,  0.4793998 +5.65456202e-11j,\n",
    "         0.00830438+9.30272141e-03j,  0.10417317+1.54235564e-01j],\n",
    "       [ 0.08432028-1.19947846e-02j,  0.00830438-9.30272128e-03j,\n",
    "         0.31175229+1.39887387e-10j,  0.09374213-3.76435503e-02j],\n",
    "       [-0.04858869+1.70908865e-02j,  0.10417317-1.54235564e-01j,\n",
    "         0.09374213+3.76435505e-02j,  0.10236992-6.37322919e-12j]]), array([[ 0.17998615+3.25223084e-16j, -0.20029429+1.34121650e-01j,\n",
    "        -0.00249708-1.38110643e-01j, -0.06328203-9.88239212e-02j],\n",
    "       [-0.20029429-1.34121650e-01j,  0.42388368-1.13881831e-15j,\n",
    "        -0.0388846 +2.43241121e-01j, -0.00399988+2.05421955e-01j],\n",
    "       [-0.00249708+1.38110643e-01j, -0.0388846 -2.43241121e-01j,\n",
    "         0.2804354 +3.25325208e-16j,  0.12712735-9.64279388e-03j],\n",
    "       [-0.06328203+9.88239212e-02j, -0.00399988-2.05421955e-01j,\n",
    "         0.12712735+9.64279388e-03j,  0.11569477+2.02279230e-16j]]), array([[ 0.13564652+2.35837022e-17j,  0.00700148+1.38959218e-01j,\n",
    "         0.19257921-6.32684202e-02j,  0.05948304-9.61473279e-02j],\n",
    "       [ 0.00700148-1.38959218e-01j,  0.25385168+6.93947507e-17j,\n",
    "        -0.09980012-1.83139079e-01j, -0.11153601+2.45925607e-02j],\n",
    "       [ 0.19257921+6.32684202e-02j, -0.09980012+1.83139079e-01j,\n",
    "         0.38048937+2.72110697e-15j,  0.18846758-1.64896194e-01j],\n",
    "       [ 0.05948304+9.61473279e-02j, -0.11153601-2.45925607e-02j,\n",
    "         0.18846758+1.64896194e-01j,  0.23001242-9.03572853e-16j]]), array([[ 0.25413059+5.06558708e-17j, -0.05175851+1.38360272e-01j,\n",
    "         0.12703937-2.37552510e-01j,  0.02107906-2.04545655e-01j],\n",
    "       [-0.05175851-1.38360272e-01j,  0.16608365+1.97112023e-16j,\n",
    "        -0.17142273-1.74237919e-02j, -0.164299  +4.29668776e-02j],\n",
    "       [ 0.12703937+2.37552510e-01j, -0.17142273+1.74237919e-02j,\n",
    "         0.33511537+5.42652797e-16j,  0.23291996-8.76123065e-02j],\n",
    "       [ 0.02107906+2.04545655e-01j, -0.164299  -4.29668776e-02j,\n",
    "         0.23291996+8.76123065e-02j,  0.24467038+3.57058053e-16j]]), array([[ 0.24393504+1.56094631e-15j, -0.09630488+2.88270455e-01j,\n",
    "         0.1639692 -3.31646561e-02j, -0.03258879-4.54891373e-02j],\n",
    "       [-0.09630488-2.88270455e-01j,  0.42082934+9.84593823e-17j,\n",
    "        -0.0829751 -1.47752606e-01j, -0.00290316+6.31756929e-02j],\n",
    "       [ 0.1639692 +3.31646561e-02j, -0.0829751 +1.47752606e-01j,\n",
    "         0.23403904+5.05608181e-16j,  0.0402834 -1.08076283e-01j],\n",
    "       [-0.03258879+4.54891373e-02j, -0.00290316-6.31756929e-02j,\n",
    "         0.0402834 +1.08076283e-01j,  0.10119657+3.13255593e-17j]]), array([[ 0.37746828-1.69415219e-17j, -0.15870632+2.81687803e-01j,\n",
    "         0.08415409-2.05368525e-01j, -0.07026252-1.41645411e-01j],\n",
    "       [-0.15870632-2.81687803e-01j,  0.33684507+5.56435750e-17j,\n",
    "        -0.1687045 +3.84250140e-02j, -0.08436518+1.13885194e-01j],\n",
    "       [ 0.08415409+2.05368525e-01j, -0.1687045 -3.84250140e-02j,\n",
    "         0.19033258+1.87903040e-17j,  0.06270939-7.32732367e-02j],\n",
    "       [-0.07026252+1.41645411e-01j, -0.08436518-1.13885194e-01j,\n",
    "         0.06270939+7.32732367e-02j,  0.09535407+2.04099013e-16j]]), array([[0.21490538+2.55258355e-16j, 0.12306876+5.04073841e-02j,\n",
    "        0.11043209+1.75006651e-01j, 0.06375819+1.69487537e-01j],\n",
    "       [0.12306876-5.04073841e-02j, 0.12982888+2.25985037e-16j,\n",
    "        0.14736968+8.18084813e-02j, 0.1138782 +1.04106504e-01j],\n",
    "       [0.11043209-1.75006651e-01j, 0.14736968-8.18084813e-02j,\n",
    "        0.37887918+5.10547100e-17j, 0.28793269+6.66107140e-02j],\n",
    "       [0.06375819-1.69487537e-01j, 0.1138782 -1.04106504e-01j,\n",
    "        0.28793269-6.66107140e-02j, 0.27638656-2.99140684e-16j]]), array([[ 0.34274014-4.04807457e-16j,  0.06075089+2.34985891e-02j,\n",
    "        -0.01621432+2.87671237e-03j, -0.09465736-1.05451087e-02j],\n",
    "       [ 0.06075089-2.34985891e-02j,  0.052745  +1.27862821e-16j,\n",
    "         0.06210508+9.49337166e-02j, -0.00509176+1.00868160e-01j],\n",
    "       [-0.01621432-2.87671237e-03j,  0.06210508-9.49337166e-02j,\n",
    "         0.33424719-1.14412398e-14j,  0.25618864+1.31837321e-01j],\n",
    "       [-0.09465736+1.05451087e-02j, -0.00509176-1.00868160e-01j,\n",
    "         0.25618864-1.31837321e-01j,  0.27026767-3.93731284e-15j]]), array([[ 0.29374003-2.87259180e-16j,  0.00368174+2.24429065e-01j,\n",
    "         0.01831281+2.49145919e-01j, -0.12983431+1.54912018e-01j],\n",
    "       [ 0.00368174-2.24429065e-01j,  0.21908956+3.66867576e-16j,\n",
    "         0.19714925+7.26745669e-03j,  0.13812701+1.19877701e-01j],\n",
    "       [ 0.01831281-2.49145919e-01j,  0.19714925-7.26745669e-03j,\n",
    "         0.29898732+1.17164367e-16j,  0.14774051+1.19351581e-01j],\n",
    "       [-0.12983431-1.54912018e-01j,  0.13812701-1.19877701e-01j,\n",
    "         0.14774051-1.19351581e-01j,  0.18818309+3.69352075e-16j]]), array([[ 0.39574267-6.12697744e-16j, -0.0355132 +1.76870574e-01j,\n",
    "        -0.07859123+1.03351168e-01j, -0.2207655 -5.18949380e-03j],\n",
    "       [-0.0355132 -1.76870574e-01j,  0.1245987 -2.55243411e-16j,\n",
    "         0.0972717 +1.10736163e-01j,  0.00909722+1.46011432e-01j],\n",
    "       [-0.07859123-1.03351168e-01j,  0.0972717 -1.10736163e-01j,\n",
    "         0.29158972+1.76516220e-15j,  0.1373463 +1.33385749e-01j],\n",
    "       [-0.2207655 +5.18949380e-03j,  0.00909722-1.46011432e-01j,\n",
    "         0.1373463 -1.33385749e-01j,  0.18806891+6.54987166e-16j]]), array([[0.42944656-4.67263076e-16j, 0.14330392+1.50921129e-01j,\n",
    "        0.15531384+2.06873241e-02j, 0.1087541 +1.71317813e-01j],\n",
    "       [0.14330392-1.50921129e-01j, 0.1120581 -5.80763642e-16j,\n",
    "        0.04733468-4.76930984e-02j, 0.08679489+2.55413553e-02j],\n",
    "       [0.15531384-2.06873241e-02j, 0.04733468+4.76930984e-02j,\n",
    "        0.20670184+4.00522909e-17j, 0.18029063+3.67250714e-03j],\n",
    "       [0.1087541 -1.71317813e-01j, 0.08679489-2.55413553e-02j,\n",
    "        0.18029063-3.67250714e-03j, 0.2517935 -1.28532437e-16j]]), array([[ 0.55122605-4.98156980e-14j,  0.12736813+8.24135833e-02j,\n",
    "         0.07550879-1.05837258e-01j, -0.09426252+3.54092282e-02j],\n",
    "       [ 0.12736813-8.24135833e-02j,  0.0511346 +2.11939380e-14j,\n",
    "        -0.00495205+2.10734172e-03j, -0.02791036+6.24519087e-02j],\n",
    "       [ 0.07550879+1.05837258e-01j, -0.00495205-2.10734172e-03j,\n",
    "         0.19048674-1.56032588e-14j,  0.15288109+4.91968229e-03j],\n",
    "       [-0.09426252-3.54092282e-02j, -0.02791036-6.24519087e-02j,\n",
    "         0.15288109-4.91968229e-03j,  0.20715261-3.22541969e-15j]]), array([[ 0.53459423-4.87669438e-16j,  0.0413861 +3.28335581e-01j,\n",
    "         0.12046574+1.08110920e-01j, -0.03971873+1.99950021e-01j],\n",
    "       [ 0.0413861 -3.28335581e-01j,  0.2285259 +1.54295924e-16j,\n",
    "         0.0769468 -6.16326480e-02j,  0.12883563+4.65446213e-02j],\n",
    "       [ 0.12046574-1.08110920e-01j,  0.0769468 +6.16326480e-02j,\n",
    "         0.11133761-4.30703397e-17j,  0.05095695+3.48217266e-02j],\n",
    "       [-0.03971873-1.99950021e-01j,  0.12883563-4.65446213e-02j,\n",
    "         0.05095695-3.48217266e-02j,  0.12554226-1.32802204e-16j]]), array([[ 0.68283943-1.05925393e-15j,  0.03318957+2.70181639e-01j,\n",
    "         0.04201921-5.19757942e-02j, -0.20658183+4.22993457e-02j],\n",
    "       [ 0.03318957-2.70181639e-01j,  0.12796743+2.01273807e-16j,\n",
    "        -0.00824722+9.91736978e-04j,  0.0069202 +9.53992749e-02j],\n",
    "       [ 0.04201921+5.19757942e-02j, -0.00824722-9.91736978e-04j,\n",
    "         0.09262983-2.90069843e-17j,  0.01405005+2.99959108e-03j],\n",
    "       [-0.20658183-4.22993457e-02j,  0.0069202 -9.53992749e-02j,\n",
    "         0.01405005-2.99959108e-03j,  0.09656331-1.97110790e-16j]]), array([[0.10392193+3.96439630e-18j, 0.02786769+1.12552793e-02j,\n",
    "        0.19621955+4.02727967e-02j, 0.07800274+4.50999069e-02j],\n",
    "       [0.02786769-1.12552793e-02j, 0.10010988-2.10394368e-17j,\n",
    "        0.10546866-5.88358291e-02j, 0.05480361+1.85924922e-02j],\n",
    "       [0.19621955-4.02727967e-02j, 0.10546866+5.88358291e-02j,\n",
    "        0.64928069-2.58557711e-16j, 0.24632267+9.41863249e-02j],\n",
    "       [0.07800274-4.50999069e-02j, 0.05480361-1.85924922e-02j,\n",
    "        0.24632267-9.41863249e-02j, 0.1466875 +5.18370287e-17j]]), array([[ 0.17521317+2.78311086e-16j, -0.03801405-5.44045322e-02j,\n",
    "         0.13716534-1.82950680e-01j,  0.07751776-3.66515502e-02j],\n",
    "       [-0.03801405+5.44045322e-02j,  0.07455265-9.38632946e-18j,\n",
    "         0.05165203+1.51810439e-01j, -0.01718146+7.25817472e-02j],\n",
    "       [ 0.13716534+1.82950680e-01j,  0.05165203-1.51810439e-01j,\n",
    "         0.60337556+5.94432383e-17j,  0.22718302+1.36052397e-01j],\n",
    "       [ 0.07751776+3.66515502e-02j, -0.01718146-7.25817472e-02j,\n",
    "         0.22718302-1.36052397e-01j,  0.14685861+1.15288279e-16j]]), array([[ 0.16888988-4.62883599e-16j, -0.05931404+1.37960850e-01j,\n",
    "         0.13475142+1.47444846e-01j, -0.05476909+3.58319123e-02j],\n",
    "       [-0.05931404-1.37960850e-01j,  0.19655844+1.13618207e-16j,\n",
    "         0.1231598 -5.85352910e-02j,  0.06426573+6.03627762e-02j],\n",
    "       [ 0.13475142-1.47444846e-01j,  0.1231598 +5.85352910e-02j,\n",
    "         0.58053039-1.91612452e-16j,  0.06308719+7.64685058e-02j],\n",
    "       [-0.05476909-3.58319123e-02j,  0.06426573-6.03627762e-02j,\n",
    "         0.06308719-7.64685058e-02j,  0.05402128+1.60177342e-17j]]), array([[ 0.26546427-2.23009998e-15j, -0.10738852+9.50323262e-02j,\n",
    "         0.06615463-4.14256960e-02j, -0.07889362-2.55826670e-02j],\n",
    "       [-0.10738852-9.50323262e-02j,  0.16201352-1.01171180e-15j,\n",
    "         0.0758939 +1.54012976e-01j,  0.00273681+9.54109713e-02j],\n",
    "       [ 0.06615463+4.14256960e-02j,  0.0758939 -1.54012976e-01j,\n",
    "         0.50203732+2.32493082e-15j,  0.06551402+1.00328190e-01j],\n",
    "       [-0.07889362+2.55826670e-02j,  0.00273681-9.54109713e-02j,\n",
    "         0.06551402-1.00328190e-01j,  0.07048488+3.04791987e-16j]]), array([[0.30015919-6.02551792e-16j, 0.05242431+1.34940132e-01j,\n",
    "        0.29986584-8.51864345e-02j, 0.13384276+2.57038442e-02j],\n",
    "       [0.05242431-1.34940132e-01j, 0.11995213+5.55331263e-17j,\n",
    "        0.00068897-1.96345404e-01j, 0.01662993-5.77039098e-02j],\n",
    "       [0.29986584+8.51864345e-02j, 0.00068897+1.96345404e-01j,\n",
    "        0.46233831-2.06071799e-16j, 0.16379222+3.03324560e-02j],\n",
    "       [0.13384276-2.57038442e-02j, 0.01662993+5.77039098e-02j,\n",
    "        0.16379222-3.03324560e-02j, 0.11755038-2.01896550e-16j]]), array([[ 0.42581508-9.13125048e-16j,  0.00276286+5.29251752e-02j,\n",
    "         0.22049004-3.17946665e-01j,  0.07661677-4.76328167e-02j],\n",
    "       [ 0.00276286-5.29251752e-02j,  0.04262824+2.28780477e-17j,\n",
    "        -0.05301011-1.96467390e-02j, -0.02781144-4.94557447e-04j],\n",
    "       [ 0.22049004+3.17946665e-01j, -0.05301011+1.96467390e-02j,\n",
    "         0.44269661+4.72642869e-16j,  0.12472293+4.37024627e-02j],\n",
    "       [ 0.07661677+4.76328167e-02j, -0.02781144+4.94557447e-04j,\n",
    "         0.12472293-4.37024627e-02j,  0.08886008-3.97568773e-17j]]), array([[ 0.36985091-6.04339323e-16j, -0.03094763+2.68417627e-01j,\n",
    "         0.24995239+2.29833065e-02j, -0.0169387 +4.33075584e-02j],\n",
    "       [-0.03094763-2.68417627e-01j,  0.22429801+4.61577414e-16j,\n",
    "         0.02634673-1.89367123e-01j,  0.03566385+6.73711387e-03j],\n",
    "       [ 0.24995239-2.29833065e-02j,  0.02634673+1.89367123e-01j,\n",
    "         0.38127401-5.88388320e-16j, -0.00152903+8.56433939e-03j],\n",
    "       [-0.0169387 -4.33075584e-02j,  0.03566385-6.73711387e-03j,\n",
    "        -0.00152903-8.56433939e-03j,  0.02457707+1.26566777e-17j]]), array([[ 0.49528918+9.57277211e-17j, -0.07180434+2.01354610e-01j,\n",
    "         0.15259077-1.95146664e-01j, -0.06465192-1.06395222e-02j],\n",
    "       [-0.07180434-2.01354610e-01j,  0.1353844 -4.23115868e-16j,\n",
    "        -0.03171339+9.99451183e-03j, -0.00680139+4.17910072e-02j],\n",
    "       [ 0.15259077+1.95146664e-01j, -0.03171339-9.99451183e-03j,\n",
    "         0.34266698-1.14748694e-15j, -0.02301805+1.47854467e-02j],\n",
    "       [-0.06465192+1.06395222e-02j, -0.00680139-4.17910072e-02j,\n",
    "        -0.02301805-1.47854467e-02j,  0.02665944+2.43219045e-18j]]), array([[ 0.07434702+5.07771247e-17j,  0.00346257-5.98993940e-02j,\n",
    "        -0.08938935+2.31551659e-02j, -0.06608585+5.30399050e-03j],\n",
    "       [ 0.00346257+5.98993940e-02j,  0.30579586-4.99246479e-15j,\n",
    "         0.11588523-8.63680061e-02j,  0.23403229-1.86148444e-01j],\n",
    "       [-0.08938935-2.31551659e-02j,  0.11588523+8.63680061e-02j,\n",
    "         0.22876018+7.28576440e-18j,  0.24276449-5.37242230e-02j],\n",
    "       [-0.06608585-5.30399050e-03j,  0.23403229+1.86148444e-01j,\n",
    "         0.24276449+5.37242230e-02j,  0.39109693-8.62811370e-17j]]), array([[ 0.21065243+5.58503983e-16j, -0.00605045-1.24318513e-01j,\n",
    "        -0.15972436-9.53805255e-02j, -0.23024965-1.19087490e-01j],\n",
    "       [-0.00605045+1.24318513e-01j,  0.2065361 -6.11464904e-16j,\n",
    "         0.07589314-2.80057877e-02j,  0.11740028-1.52093701e-01j],\n",
